avalanche_sim_xlib_slim/avalance_sim/avalance_sim/dem.txt
ncols         335
nrows         260
xllcorner     464250.82
yllcorner     5692100.77
cellsize      10
NODATA_value  -9999
[rows 140 to 167 of 260, columns 0 to 62 of 335]
1818 1818 1818 1818.761 1822.976 1827.197 1831.417 1835.734 1840.173 1841.007 1840.221 1839.435 1838.646 1837.857 1837.068 1835.272 1836.666 1838.83 1840.804 1842.873 1844.936 1846.935 1848.206 1851.027 1853.848 1856.824 1860.638 1864.452 1868.266 1872.079 1876.22 1880.768 1885.316 1889.864 1895.316 1902.191 1909.066 1914.267 1915.206 1916.145 1917.084 1918.023 1918.962 1919.901 1920.795 1920.737 1920.058 1919.379 1918.7 1918.021 1917.342 1916.663 1916.046 1916.553 1917.059 1917.566 1917.75 1917.761 1917.771 1917.782 1917.792 1916.857 1914.612
1818 1818 1818 1819.781 1824.483 1828.922 1833.362 1837.801 1842.241 1842.93 1842.144 1841.357 1840.571 1839.785 1839.504 1840.598 1842.016 1843.471 1844.926 1846.381 1848.15 1850.322 1852.529 1855.35 1858.171 1860.992 1863.813 1866.682 1870.496 1874.31 1878.463 1883.011 1888.104 1894.979 1901.854 1908.729 1915.604 1920.866 1921.862 1922.858 1923.854 1924.85 1925.846 1926.842 1927.838 1927.874 1927.262 1926.651 1926.039 1925.416 1924.737 1924.058 1923.463 1923.969 1924.093 1924.104 1924.114 1924.125 1924.135 1924.146 1924.156 1923.186 1920.942
1818 1818 1818 1821.579 1825.94 1830.708 1835.43 1839.869 1844.308 1844.852 1844.066 1843.28 1843.712 1844.806 1845.9 1846.995 1848.424 1849.879 1851.334 1852.788 1853.9 1854.879 1856.852 1859.673 1862.494 1865.315 1868.136 1870.957 1873.778 1876.599 1880.893 1887.641 1894.059 1900.477 1906.896 1913.314 1919.732 1925.13 1928.196 1929.944 1930.94 1931.936 1932.932 1933.928 1934.924 1934.932 1934.321 1933.709 1933.097 1932.486 1931.874 1931.262 1931.562 1930.66 1930.457 1930.467 1930.478 1930.488 1930.499 1930.51 1930.52 1929.516 1927.272
1818 1818.066 1822.299 1826.234 1830.123 1834.011 1837.899 1841.787 1846.376 1846.826 1847.92 1849.014 1850.109 1851.203 1852.297 1853.391 1854.832 1856.19 1857.083 1856.78 1856.478 1856.176 1861.693 1864.006 1866.32 1868.978 1871.752 1874.527 1877.333 1880.215 1884.975 1891.635 1898.068 1904.486 1910.904 1917.322 1923.74 1929.071 1932.136 1935.202 1938.027 1939.023 1940.019 1941.015 1942.01 1941.991 1941.379 1940.767 1940.156 1939.544 1939.671 1940.465 1941.064 1940.162 1939.26 1938.359 1937.457 1936.852 1936.863 1936.873 1936.884 1935.846 1933.601
1820.345 1822.797 1827.002 1830.89 1834.778 1838.666 1842.554 1846.062 1847.674 1849.172 1850.64 1852.109 1853.578 1855.046 1856.515 1858.774 1859.993 1859.912 1859.832 1859.751 1859.67 1859.589 1862.214 1866.64 1869.414 1872.189 1875.027 1877.914 1880.793 1883.672 1888.509 1895.168 1901.827 1908.486 1914.913 1921.331 1927.749 1933.011 1936.076 1939.142 1942.208 1945.274 1947.105 1948.101 1949.097 1949.049 1948.438 1947.826 1947.626 1948.42 1949.214 1950.008 1950.567 1949.665 1948.763 1947.861 1946.959 1946.057 1945.155 1944.254 1943.352 1942.175 1940.297
1826.474 1827.529 1831.657 1835.545 1839.433 1842.874 1844.486 1846.099 1847.712 1849.206 1850.675 1852.143 1853.612 1855.492 1858.6 1861.703 1863.498 1865.293 1867.088 1867.084 1867.003 1866.922 1869.547 1869.851 1872.722 1875.613 1878.492 1881.372 1884.251 1887.13 1892.042 1898.701 1905.36 1912.02 1918.679 1925.338 1931.758 1936.951 1940.016 1943.082 1946.148 1949.214 1952.279 1955.187 1956.183 1956.108 1955.581 1956.375 1957.169 1957.963 1958.757 1959.551 1960.069 1959.167 1958.265 1957.363 1956.461 1955.602 1954.743 1953.884 1953.025 1951.054 1947.992
1832.543 1832.648 1836.312 1839.686 1841.298 1842.911 1844.524 1846.136 1847.749 1849.24 1850.709 1852.211 1855.319 1858.426 1861.534 1864.614 1866.409 1868.204 1869.999 1871.794 1873.589 1874.256 1875.135 1874.136 1876.192 1879.071 1881.95 1884.829 1887.708 1890.588 1895.575 1902.234 1908.893 1915.553 1922.212 1928.871 1935.791 1941.313 1944.34 1947.375 1950.411 1953.446 1956.482 1959.517 1962.553 1964.023 1964.773 1965.522 1966.271 1967.021 1967.77 1968.519 1969.557 1968.76 1967.901 1967.042 1966.183 1965.324 1964.465 1963.606 1962.747 1960.719 1957.657
1838.547 1838.661 1839.264 1840.083 1841.336 1842.949 1844.561 1846.174 1847.787 1849.274 1852.037 1855.145 1858.253 1861.36 1864.468 1867.526 1869.321 1871.116 1872.911 1874.706 1876.501 1878.95 1880.54 1879.749 1880.392 1883.099 1885.805 1888.511 1891.217 1894.045 1899.108 1906.144 1913.615 1921.086 1928.557 1936.028 1943.499 1948.88 1951.316 1953.752 1956.676 1959.712 1962.747 1965.783 1968.818 1970.222 1970.971 1971.72 1972.47 1973.219 1975.053 1977.248 1978.825 1978.082 1977.339 1976.596 1975.853 1975.046 1974.187 1973.328 1972.469 1970.385 1967.322
1845.32 1844.666 1845.297 1846.116 1846.935 1847.754 1848.573 1849.072 1849.289 1851.935 1854.971 1858.079 1861.187 1864.294 1867.402 1870.438 1872.233 1874.028 1875.823 1878.52 1881.853 1885.187 1886.635 1885.583 1884.166 1886.709 1889.117 1891.343 1894.357 1897.911 1904.426 1912.903 1921.323 1928.793 1936.264 1943.735 1951.206 1956.448 1958.884 1961.32 1963.756 1966.192 1969.013 1972.049 1975.084 1976.42 1977.17 1977.919 1980 1982.196 1984.391 1986.586 1988.093 1987.35 1986.607 1985.864 1985.121 1984.378 1983.635 1982.892 1982.15 1980.03 1976.832
1851.244 1850.807 1851.329 1851.64 1851.856 1852.073 1852.29 1852.507 1852.723 1855.448 1858.385 1861.323 1864.26 1867.228 1870.336 1873.35 1875.145 1878.09 1881.423 1884.757 1888.09 1891.423 1892.73 1890.313 1887.03 1888.531 1891.588 1895.142 1898.696 1902.249 1908.888 1917.365 1925.841 1934.318 1942.794 1951.271 1958.914 1964.016 1966.452 1968.888 1971.324 1973.76 1976.195 1978.631 1981.35 1982.753 1984.948 1987.143 1989.339 1991.534 1993.729 1995.924 1997.361 1996.618 1995.875 1995.132 1994.389 1993.494 1992.572 1991.65 1990.729 1988.17 1984.533
1857.169 1856.732 1856.262 1855.783 1855.304 1855.508 1855.725 1855.941 1856.158 1858.96 1861.898 1864.835 1867.773 1870.71 1873.595 1876.531 1879.956 1883.289 1886.623 1889.956 1893.289 1896.623 1896.97 1893.911 1891.35 1891.648 1895.927 1899.481 1903.034 1906.588 1913.35 1921.826 1930.303 1938.78 1947.256 1954.982 1962.535 1968.615 1972.974 1975.387 1977.801 1980.214 1982.627 1985.041 1987.454 1989.955 1992.477 1994.999 1997.521 2000.044 2002.566 2005.088 2006.593 2005.671 2004.749 2003.828 2002.906 2001.984 2001.063 2000.141 1999.22 1996.603 1992.966
1863.094 1862.657 1862.186 1861.707 1861.228 1860.75 1860.271 1859.792 1859.593 1862.445 1865.32 1868.195 1871.07 1873.945 1876.82 1879.767 1883.332 1886.815 1890.148 1893.482 1896.815 1900.148 1900.378 1897.61 1894.842 1893.023 1897.435 1901.902 1906.619 1910.927 1917.812 1925.538 1933.09 1940.643 1948.196 1955.748 1963.301 1969.32 1973.892 1978.463 1983.034 1986.045 1988.458 1990.872 1993.285 1995.789 1998.311 2000.833 2003.355 2006.039 2009.606 2013.173 2015.439 2014.393 2013.346 2012.319 2011.397 2010.476 2009.554 2008.632 2007.711 2005.036 2001.4
1869.019 1868.582 1868.11 1867.631 1867.152 1866.674 1866.195 1865.539 1864.71 1865.981 1868.545 1871.421 1874.296 1877.171 1880.046 1883.002 1886.568 1890.133 1893.674 1897.007 1900.341 1903.674 1903.786 1901.018 1898.25 1895.057 1898.744 1902.921 1907.628 1912.418 1918.624 1926.291 1933.857 1941.409 1948.962 1956.515 1964.068 1970.026 1974.597 1979.169 1983.74 1988.311 1992.883 1996.702 1999.116 2001.623 2004.226 2007.793 2011.361 2014.928 2018.495 2022.062 2024.328 2023.282 2022.235 2021.189 2020.142 2019.096 2018.049 2017.123 2016.202 2013.47 2009.833
1876.425 1874.506 1874.034 1873.555 1873.077 1872.517 1871.688 1870.859 1870.058 1871.336 1872.614 1874.646 1877.521 1880.396 1883.271 1886.238 1889.803 1893.369 1896.934 1900.499 1903.866 1907.199 1907.195 1904.426 1901.287 1898.653 1899.25 1904.64 1910.008 1912.834 1919.127 1926.794 1934.462 1942.13 1949.729 1957.281 1964.834 1970.731 1975.303 1979.874 1984.445 1989.017 1993.588 1998.3 2003.1 2006.885 2010.547 2014.209 2017.87 2021.532 2025.194 2028.855 2032.74 2031.758 2030.711 2029.665 2028.618 2027.572 2026.525 2025.479 2024.432 2022.865 2021.054
1883.837 1880.431 1879.958 1879.479 1878.666 1877.837 1877.008 1876.178 1875.412 1876.691 1877.969 1879.247 1880.746 1883.621 1886.497 1889.474 1893.039 1896.604 1900.17 1903.735 1907.3 1910.725 1910.603 1907.716 1905.372 1903.756 1902.304 1907.636 1910.396 1913.249 1919.63 1927.297 1934.965 1942.633 1950.301 1957.968 1965.6 1971.437 1976.041 1980.841 1985.641 1990.44 1995.24 2000.04 2004.839 2008.598 2012.26 2015.922 2019.583 2023.245 2027.6 2032.355 2036.648 2038.893 2038.003 2037.093 2036.047 2035 2033.954 2032.907 2031.861 2030.293 2028.483
1891.249 1886.67 1885.644 1884.815 1883.986 1883.156 1882.327 1881.498 1880.767 1882.045 1883.323 1884.602 1885.88 1887.158 1889.722 1892.71 1896.275 1899.84 1903.405 1906.971 1910.536 1913.917 1914.746 1912.743 1910.885 1909.137 1907.389 1907.958 1910.811 1913.665 1920.133 1927.8 1935.468 1943.136 1950.803 1957.495 1963.613 1970.135 1976.949 1982.58 1987.38 1992.18 1996.979 2001.779 2006.579 2010.312 2013.973 2017.635 2021.807 2026.563 2031.318 2036.073 2040.334 2043.595 2045.047 2044.157 2043.267 2042.378 2041.382 2040.336 2039.289 2037.722 2035.911
1898.661 1894.082 1892.305 1890.843 1889.38 1888.476 1887.647 1886.817 1886.122 1887.4 1888.678 1889.956 1891.234 1892.512 1893.791 1895.946 1899.446 1902.595 1905.745 1908.894 1912.043 1915.193 1916.211 1915.798 1915.277 1913.66 1912.042 1910.474 1911.227 1914.08 1920.636 1928.303 1934.995 1941.113 1947.231 1953.349 1959.466 1965.989 1972.802 1979.615 1986.429 1993.242 1998.719 2003.519 2008.318 2012.025 2016.015 2020.77 2025.525 2030.281 2035.036 2039.792 2044.021 2047.281 2050.542 2051.2 2050.31 2049.421 2048.531 2047.641 2046.718 2045.15 2043.007
1906.073 1901.494 1899.777 1898.315 1896.852 1895.39 1893.928 1892.465 1891.476 1892.733 1893.895 1895.057 1896.219 1897.381 1898.542 1899.531 1900.722 1903.871 1907.021 1910.17 1913.319 1916.469 1917.438 1917.025 1916.612 1916.199 1915.786 1914.19 1914.439 1915.335 1919.222 1924.731 1930.849 1936.966 1943.084 1949.202 1955.32 1961.843 1968.656 1975.469 1982.282 1989.096 1995.909 2002.722 2009.456 2014.818 2019.733 2024.488 2029.244 2033.999 2038.754 2043.51 2047.707 2050.968 2054.228 2057.489 2057.354 2056.464 2055.574 2054.685 2054.854 2052.683 2048.927
1913.73 1908.906 1907.249 1905.786 1904.324 1902.862 1901.4 1900.375 1899.264 1897.288 1898.358 1899.52 1900.682 1901.844 1903.005 1903.979 1904.249 1905.147 1908.297 1911.446 1914.595 1917.745 1918.665 1918.253 1917.84 1917.427 1917.014 1916.598 1916.425 1917.282 1921.296 1925.945 1930.594 1935.244 1939.893 1945.056 1951.174 1957.696 1964.51 1971.23 1977.845 1984.46 1991.075 1997.689 2004.304 2009.666 2015.005 2020.344 2025.683 2031.022 2036.361 2043.889 2050.181 2054.476 2057.915 2061.175 2064.396 2063.507 2062.617 2062.633 2064.28 2061.941 2058.185
1921.726 1916.318 1914.721 1913.258 1911.859 1910.841 1909.824 1908.806 1907.679 1905.703 1903.727 1903.983 1905.145 1906.306 1907.468 1908.428 1908.698 1908.967 1909.573 1912.722 1915.871 1919.021 1919.893 1919.48 1919.067 1918.654 1918.233 1917.896 1918.096 1919.259 1923.369 1928.019 1932.668 1937.317 1941.967 1945.121 1947.948 1952.993 1959.531 1966.079 1972.693 1979.308 1985.923 1992.538 1999.153 2004.515 2009.854 2015.192 2022.072 2029.683 2037.294 2044.906 2051.108 2055.403 2059.698 2063.994 2068.122 2070.55 2070.411 2072.059 2073.707 2071.199 2067.443
1929.723 1923.73 1922.325 1921.307 1920.29 1919.272 1918.254 1917.237 1916.093 1914.117 1912.141 1910.165 1909.608 1910.769 1911.931 1912.877 1913.147 1913.416 1913.686 1913.998 1917.147 1920.297 1921.12 1920.707 1920.294 1919.878 1919.631 1918.821 1918.939 1921.235 1925.443 1928.885 1931.713 1934.54 1937.368 1940.195 1943.023 1948.165 1954.703 1961.241 1967.78 1974.318 1980.856 1987.394 1994.001 2000.254 2007.865 2015.477 2023.088 2030.699 2038.311 2045.922 2052.035 2056.33 2060.625 2064.921 2068.443 2072.193 2078.467 2080.025 2081.583 2080.276 2076.542
1937.719 1931.569 1930.66 1929.738 1928.72 1927.703 1926.685 1925.667 1924.507 1922.531 1920.555 1918.579 1916.603 1915.232 1916.394 1917.326 1917.595 1917.865 1918.135 1918.404 1918.674 1921.573 1922.347 1921.931 1921.523 1921.371 1921.424 1921.221 1921.019 1923.103 1924.262 1925.253 1926.787 1929.615 1932.442 1935.27 1938.097 1943.337 1949.875 1956.413 1962.952 1969.49 1975.793 1982.096 1988.403 1996.818 2005.233 2013.648 2022.063 2030.478 2038.893 2046.939 2052.863 2055.618 2058.372 2061.126 2064.121 2072.012 2079.904 2086.344 2088.314 2088.716 2085.462
1945.393 1939.677 1938.778 1937.88 1936.982 1936.083 1935.116 1934.098 1932.921 1930.945 1928.969 1926.993 1925.017 1923.041 1921.065 1921.774 1922.044 1922.314 1922.583 1922.853 1923.122 1923.392 1923.691 1924.002 1924.141 1924.28 1924.419 1924.558 1924.697 1925.08 1926.295 1927.286 1928.278 1929.269 1930.26 1931.252 1933.172 1938.509 1944.848 1951.15 1957.453 1963.755 1970.057 1976.36 1982.721 1991.136 1999.551 2007.966 2016.381 2024.797 2033.563 2042.466 2048.301 2051.055 2053.81 2056.564 2063.94 2071.832 2079.723 2087.113 2093.399 2095.39 2094.381
1952.681 1947.795 1946.897 1945.999 1945.1 1944.202 1943.304 1942.406 1941.091 1938.963 1936.834 1934.706 1932.578 1930.45 1928.322 1926.214 1926.112 1926.34 1926.569 1926.797 1927.026 1927.254 1926.956 1926.425 1925.894 1925.405 1925.598 1925.792 1925.985 1927.234 1928.328 1929.32 1930.433 1931.563 1932.994 1933.421 1934.191 1937.495 1941.884 1946.272 1951.717 1958.019 1964.322 1970.624 1977.039 1985.454 1993.87 2002.407 2011.311 2020.215 2029.118 2038.022 2043.739 2046.493 2049.247 2055.868 2063.759 2071.651 2079.542 2087.434 2094.168 2100.132 2102.259
1959.968 1955.914 1955.016 1954.117 1952.89 1951.421 1949.953 1948.484 1946.88 1944.752 1942.623 1940.495 1938.367 1936.232 1934.08 1931.975 1929.966 1930.11 1930.338 1930.567 1930.795 1931.023 1930.715 1930.184 1929.653 1929.122 1928.591 1928.06 1927.528 1926.997 1931.485 1932.931 1933.483 1933.856 1934.481 1935.254 1936.027 1939.413 1943.802 1948.19 1952.579 1956.968 1961.357 1965.746 1971.358 1980.156 1989.06 1997.963 2006.867 2015.771 2024.674 2033.578 2039.176 2041.931 2047.795 2055.687 2063.579 2071.47 2079.362 2087.253 2094.938 2100.902 2106.822
1967.255 1963.623 1961.631 1960.162 1958.693 1957.224 1955.755 1954.286 1952.669 1950.541 1948.412 1946.284 1944.141 1941.989 1939.837 1937.736 1935.727 1933.879 1934.107 1934.336 1934.564 1934.793 1934.474 1933.943 1933.412 1932.881 1932.35 1931.819 1931.622 1932.608 1933.964 1934.291 1934.771 1935.544 1936.317 1937.089 1937.862 1941.33 1945.719 1950.108 1954.497 1958.886 1962.149 1965.132 1968.551 1976.859 1985.167 1993.519 2002.423 2011.326 2020.23 2029.134 2034.614 2039.723 2047.615 2055.506 2063.398 2071.289 2079.08 2086.787 2094.494 2100.901 2107.153
1974.542 1970.94 1968.781 1966.621 1964.496 1963.027 1961.558 1960.089 1958.458 1956.33 1954.201 1952.05 1949.898 1947.746 1945.593 1943.497 1941.488 1939.48 1937.876 1938.105 1938.333 1938.562 1938.234 1937.703 1937.172 1936.641 1936.109 1936.462 1937.448 1935.744 1934.928 1935.833 1936.606 1937.379 1938.152 1938.925 1939.698 1943.248 1947.637 1950.788 1953.77 1956.753 1959.735 1962.718 1966.138 1974.446 1982.754 1991.062 1999.37 2007.678 2015.986 2024.689 2031.651 2039.519 2047.226 2054.933 2062.64 2070.347 2078.054 2085.761 2093.469 2099.847 2106.099
1982.182 1978.258 1976.099 1973.939 1971.78 1969.62 1967.46 1965.892 1964.247 1962.111 1959.959 1957.807 1955.654 1953.502 1951.35 1949.258 1947.249 1945.241 1943.232 1941.874 1942.103 1942.331 1941.993 1941.462 1940.931 1940.4 1941.302 1940.184 1938.107 1936.03 1935.371 1935.785 1936.83 1937.875 1938.921 1940.171 1940.543 1942.746 1945.677 1948.609 1951.54 1954.471 1957.403 1960.334 1963.724 1972.103 1980.49 1988.878 1997.265 2005.652 2014.04 2021.127 2029.244 2038.182 2046.2 2053.907 2061.615 2069.322 2077.029 2084.736 2092.443 2098.793 2105
