avalanche_sim_xlib_slim/avalance_sim/avalance_sim/dem.txt
ncols         335
nrows         260
xllcorner     464250.82
yllcorner     5692100.77
cellsize      10
NODATA_value  -9999
[rows 28 to 55 of 260, columns 252 to 314 of 335]
843.0056 839.6586 836.2719 834.3755 835.2166 835.8943 834.4657 833.0371 831.6086 830.18 830 829.9924 829.7045 829.4166 829.0289 828.4172 827.8055 827.1939 826.5822 825.4851 826.9851 828.4851 830.0063 830.8272 830.3657 829.9117 829.4578 829.2724 829.1603 828.9834 828.8065 828.6295 828.4526 828.2756 828.0987 828 828 828 828 828.2197 828.8514 829.3761 829.9008 830.4255 830.9502 831.3281 829.4013 827.4745 825.5478 823.9052 823.6273 824.6831 825.8596 827.0361 827.3113 827 827 827 827 827 827.1184 827.8029 828.4873
844.5997 841.2394 837.7761 835.0315 835.8725 836.4072 834.9711 833.6711 832.3712 830.9945 830 829.954 829.6661 829.1 828.4883 827.8767 827.265 826.6724 826.1009 826.8317 827.7603 828.4674 829.8315 830.9272 830.5084 830.0555 829.7175 829.563 829.386 829.2091 829.0322 828.8531 828.6589 828.4647 828.2706 828.0764 828 828 828 828.1037 828.6566 829.1813 829.7061 830.2307 830.7554 831.1088 829.182 827.2552 825.3285 823.4008 825.401 828.0151 829.6986 828.7399 827.3113 827 827 827 827 827 826.0218 827.0681 828.0826
846.1937 842.743 839.2972 835.8514 836.5284 837.032 835.3555 834.0555 832.7556 831.4557 830.1911 829.8809 829.2839 828.6869 828.0899 827.4929 826.8959 826.3087 826.3574 827.149 828.0474 829.0016 830.0565 830.9578 830.5578 830.1462 829.8299 829.6357 829.4415 829.2474 829.0532 828.859 828.6648 828.4706 828.2765 828.0823 828 828 828 827.5376 827.4837 828.2604 829.0372 829.8139 830.5607 830.8895 828.9564 826.649 824.3157 825.9158 827.64 829.3641 830.2451 829.176 828.1295 827.4523 827.05 827 827 826.4085 826.2536 826.1003 826.1943
847.7099 844.2642 840.8184 837.3726 837.1844 837.6569 835.3722 834.44 833.14 831.8401 830.5778 830 829.8466 829.0773 828.3081 827.5389 826.7697 826.1265 826.8838 827.661 828.438 829.3365 830.2349 831 830.5794 830.2783 829.9164 829.5372 829.343 829.1489 828.9547 828.7605 828.5663 828.3721 828.178 828 828 828 827.7108 827.2346 826.7584 826.8637 827.6404 828.4172 829.1939 829.1081 826.5492 824.0208 824.4288 824.8239 825.7434 827.4676 829.1917 828.899 827.9376 827.618 827.3185 827.0192 826.7986 826.6144 826.4381 826.3006 826.1544
849.2311 845.7853 842.3395 838.8938 837.8403 838.2817 835.7627 834.8244 833.5245 832.2245 830.9644 830.0774 830 829.8814 828.9172 828.3837 827.6714 827.3988 827.6609 828.2838 828.9564 829.7271 830.6255 831 830.7115 830.4104 830.0859 829.6198 829.2445 829.0504 828.8562 828.662 828.4678 828.2737 828.0795 828 828 827.8839 827.4077 826.9315 826.4554 826.0131 826.2437 827.0204 827.7972 826.9991 824.4414 824.3614 824.8467 825.3177 825.7127 826.2751 827.2952 828.6625 827.881 827.6048 827.3605 827.1694 826.9752 826.7759 826.6232 826.4599 826.3135
850.7523 847.3065 843.8607 840.415 838.4963 838.9065 836.3875 834.9181 833.9089 832.6089 831.3511 830.4641 830.3993 830.6157 829.6157 828.4409 828.4532 828.5908 828.5723 829.1953 829.8182 830.4412 831 831 830.8436 830.5425 830.2554 829.7893 829.3232 828.9518 828.7577 828.5635 828.3693 828.1752 828 828 828 827.7574 827.1225 826.6285 826.1523 825.6761 825.2723 825.6237 826.4005 824.8907 824.2703 824.6873 825.0961 825.6071 826.1447 826.6016 827.1105 827.7493 827.8836 827.6836 827.4836 827.2836 827.0836 826.9492 826.7654 826.6136 826.4684
852.2734 848.8276 845.3819 841.9361 839.1522 839.5313 837.0123 834.7523 834.2933 832.9933 831.7377 830.8507 830.5156 830.7981 829.3644 829.4086 829.3422 829.4567 829.5547 830.1068 830.5078 830.8095 831 831 830.9756 830.6745 830.4249 829.9588 829.4927 829.0266 828.6592 828.465 828.2709 828.0767 828 828 828 827.7032 827.108 826.4875 825.8527 825.3731 824.902 824.5316 824.9318 824.1642 824.5903 825.0068 825.4034 825.8552 826.306 826.8527 827.4064 827.9458 827.8397 827.6644 827.4836 827.2836 827.0836 827 826.9138 826.7686 826.6354
852.3483 850.3488 846.9031 843.4573 840.0115 840.1561 837.6371 835.1182 834.4667 833.3777 832.1244 831.6147 830.9738 831 830.4965 830.3763 830.3099 830.4039 830.2457 830.3727 830.6684 830.9641 831 831 831 830.8066 830.5944 830.1283 829.6622 829.1961 828.73 828.3665 828.1724 828 828 828 828 827.6089 826.9608 826.3531 825.7648 825.2032 824.5939 824.1612 824.3203 824.7525 824.9539 825.2388 825.7246 826.14 826.5665 827.0231 827.5449 827.9686 827.7916 827.6146 827.4376 827.2606 827.0836 827 827 826.9235 826.8026
851.356 850.2019 848.4242 844.9785 841.5327 840.781 838.262 835.743 834.2955 833.7622 832.511 832.5506 832.2426 831.904 831.5773 831.2505 830.9124 830.7526 830.6237 830.6156 830.9113 831 831 831 831 830.9387 830.7639 830.2978 829.8317 829.3656 828.8995 828.4333 828.0739 828 828 828 827.9937 827.4426 826.9199 826.0621 825.5375 824.9691 824.3882 824.2022 824.904 825.3407 825.5422 825.7437 825.9451 826.3218 826.8272 827.2731 827.7451 827.9159 827.7396 827.5632 827.3869 827.2186 827.287 827.2468 827.0392 827 826.9559
851.7648 849.2097 848.0555 846.4996 843.0538 841.4058 838.8868 836.3678 834.1324 834.0153 833.5557 833.7184 833.3917 833.065 832.7383 832.3209 831.8149 831.1227 831.0046 830.9024 831 831 831 831 831 831 830.9141 830.4673 830.0012 829.5351 829.0972 828.7352 828.2559 828 828 828 827.8746 827.2525 826.7692 826.2262 825.428 824.6195 824.0949 824.7549 825.4654 825.929 826.1304 826.3318 826.5333 826.7347 826.9362 827.4048 827.9103 827.8655 827.6956 827.5292 827.3665 827.5605 827.7606 827.7166 827.509 827.3015 827.0939
851.4145 848.2173 847.0632 845.9091 844.575 842.0306 839.5117 836.9926 834.5209 834.8141 834.6896 834.8795 834.5528 834.2261 833.8994 833.3926 832.7255 831.5406 831.3843 831.172 831 831 831 831 830.8917 830.7625 830.8935 830.8565 830.4999 830.147 829.8582 829.0007 828.6007 828 828 828 827.7296 827.1336 826.4866 825.9738 825.5312 824.8141 824.5146 825.1955 826.0268 826.5172 826.7186 826.9201 827.1215 827.323 827.5245 827.7259 827.9825 827.8398 827.6761 827.6339 827.834 828.0341 828.2342 828.1863 827.9788 827.7712 827.5636
851.2191 848.9819 846.071 844.9169 843.7628 841.1469 837.2236 836.6793 836.1108 835.653 836.0646 836.0405 835.7138 835.3871 834.9804 834.4575 833.2726 832.0876 831.7641 831.5403 831.2228 831 831 830.8324 830.6207 830.4412 830.5873 830.7487 830.8807 830.4664 829.7399 829.4837 828.9456 828.1869 828 828 827.4688 826.8415 826.2104 825.6823 825.1377 825.3536 825.8669 825.848 826.5882 827.1054 827.3069 827.5083 827.7098 827.9113 828 828 827.9857 827.8241 827.9074 828.1075 828.3076 828.5077 828.7078 828.656 828.4485 828.2409 827.9845
851.0237 848.84 845.0787 843.9246 840.2463 839.2575 838.7926 838.2509 837.6688 837.0941 837.1356 837.2015 836.8748 836.5481 836.0626 835.0045 833.8196 832.6346 832.1439 831.9087 831.5912 831.2736 830.8816 830.5786 830.3497 830.1381 830.2635 830.2292 830.1736 829.5295 829.7858 829.9715 829.2903 828.6697 828.3564 827.6962 827.0931 826.5305 825.8661 825.2625 825.2665 825.791 826.3155 826.8365 827.1813 827.6937 827.8951 828 828.3295 828.8232 829.3169 829.8106 827.9808 828.1809 828.381 828.5811 828.7812 828.9813 829.1813 829.1258 828.9182 828.7106 828.3487
851.1736 848.541 846.3546 843.7997 842.0278 841.1609 840.4254 839.7004 839.2762 838.6584 838.0774 838.2272 838.0358 837.6402 836.7365 835.5516 834.3666 833.1817 832.5236 832.277 831.9595 831.5593 831.0551 830.73 830.4176 829.8636 829.4846 829.429 829.1803 829.0598 826.9042 829.1975 829.141 828.5864 827.9526 827.2593 826.9016 827.8494 825.6349 825.0203 825.5578 826.0952 826.6232 827.1417 827.6674 828.0025 828.126 828.5697 829.0134 829.4572 829.9009 830.3446 828.1877 828.6545 828.8546 829.0547 829.2548 829.4548 829.655 829.5955 829.3879 829.1292 828.7449
852.2953 849.7855 848.4896 845.6361 844.0491 843.0776 842.342 841.6065 840.871 840.1811 839.648 839.4396 839.1969 838.4685 837.2836 836.0986 834.9137 833.7288 832.9033 832.6453 832.3156 831.8114 831.2796 830.8337 830.3914 829.4364 828.6843 828.6287 828.3338 826.9088 826.6044 828.3317 827.8716 827.8721 827.5488 826.8033 826.5146 826.1069 828.4315 825.1503 825.6642 826.1906 826.7327 827.262 827.7913 828.1184 828 828 828 828.2996 828.7433 828.8193 828.3524 828.816 829.3282 829.5283 829.7283 829.9285 830.1285 830.0652 829.8577 829.5055 829.1132
853.9911 851.8565 850.0174 847.4725 846.0703 844.9942 844.2587 843.5231 842.7876 842.0521 841.3165 840.6408 840.2004 839.0155 837.8306 836.6456 835.4607 834.2758 833.2838 833.0137 832.5677 832.0313 831.4373 830.919 829.9641 829.0092 828.0542 827.8284 826.9133 826.6089 826.4275 827.4659 827.1031 827.1578 827.0919 826.3475 826.0587 825.77 825.3121 825.2646 825.798 826.3273 826.8566 827.3859 827.9152 828.2343 828.0861 828 828 828 828 828.1425 828.5767 829.0109 829.465 829.9678 830.202 830.402 830.6021 830.535 830.2737 829.8854 829.4026
858.5842 854.2864 851.8396 850.1313 848.0916 846.9109 846.1753 845.4398 844.7042 843.9687 843.2332 842.2763 840.4716 839.4192 838.3668 837.1927 836.0078 834.8228 833.6652 833.324 832.7596 831.6243 829.4357 829.8571 829.4464 828.5478 827.6492 826.918 826.6135 826.3091 826.9902 826.5338 826.3723 826.4203 826.3802 825.9141 825.6028 825.314 825.0253 825.3982 825.9219 826.4512 826.9805 827.5098 828.0391 828.3502 828.202 828.0538 828 828 828 828.3724 828.8065 829.2479 829.6865 830.1223 830.5961 830.8756 831.0757 831.0048 830.6576 830.2266 830.0704
865.1843 857.3226 854.1107 852.1702 850.0523 848.8275 848.092 847.3564 846.6208 845.8853 844.6798 842.763 840.9099 839.383 838.3306 837.2783 836.2259 835.1735 834.1211 832.5842 831.0401 829.4961 827.952 829.188 827.9975 826.1877 826.1877 826.229 826.2528 826.0609 825.7926 825.5187 825.6316 825.6796 825.6672 825.5103 825.1469 825 825.1534 825.5776 826.0539 826.5751 827.1044 827.6336 828.1629 828.4661 828.3179 828.1696 828.0214 828 828.2567 828.6418 829.027 829.4743 829.9218 830.3569 830.7949 831.2349 831.5493 831.4271 831.1281 830.9718 830.8156
867.2354 863.6343 856.0611 853.8937 851.927 850.7441 850.0086 849.2731 848.5375 847.0833 845.1665 843.2497 841.1234 839.4952 838.2944 837.242 836.1896 835.1373 833.9823 832.2042 830.4283 828.8439 827.2999 827.139 828.2769 827.7254 827.723 827.0327 826.402 826.3781 825.3948 825.2887 825.1237 825.1747 825.1747 825.3285 825.625 824.5803 825.1233 825.8552 826.2399 826.7097 827.2282 827.7575 828.2868 828.582 828.4338 828.2855 828.1373 828 828.8583 829.3021 829.6873 830.0724 830.4576 830.8427 831.2278 831.613 831.9981 831.893 831.7368 831.5805 831.4243
869.2866 865.6854 862.0844 855.9742 853.9082 852.6608 851.9252 851.1897 849.4868 847.57 845.6532 843.7365 841.3546 840.318 838.2582 837.2058 836.1534 835.1011 833.8341 832.312 830.2648 828.4305 828.5427 828.9556 830.239 830.1813 828.9877 827.847 826.9909 826.962 826.1959 826.1172 825.9628 826.5037 827.2899 827.3709 825.7805 823.9077 824.6952 825.4826 826.2701 826.9398 827.3657 827.8814 828.4106 828.6979 828.5497 828.4014 828.2098 828.3515 829.4058 829.9623 830.3475 830.7327 831.1178 831.5029 831.8881 831.9459 831.8695 831.8379 831.7346 831.5783 831.4221
871.3377 867.7366 864.1355 860.5344 855.9478 854.5774 853.807 851.8903 849.9734 848.0567 846.1399 844.2231 841.7808 840.6683 838.6848 837.1696 836.1172 835.0649 833.686 832.4554 830.1545 829.7059 829.5963 830.0615 830.5682 830.7737 829.7192 828.6614 827.5798 827.3991 826.9971 826.9279 826.802 827.5087 828.3711 828.202 825.1776 823.4796 824.267 825.0545 825.842 826.6294 827.4169 828.028 828.5345 828.8138 828.6656 828.3922 828.0692 828.8338 829.8954 830.6226 831.0078 831.3929 831.7781 831.9677 831.8913 831.815 831.7386 831.7079 831.6957 831.5761 831.4199
873.3889 869.7877 866.1866 862.5856 858.9844 856.2105 854.2938 852.377 850.4601 848.5434 846.6266 844.7098 842.3174 840.8616 839.5063 837.1334 836.0811 834.9338 833.5378 832.5933 832.1932 831.7933 831.0469 830.3442 830.5266 830.9916 830.369 829.4161 828.3351 827.8674 827.7982 827.7291 827.6513 827.9638 827.2407 826.5176 824.4591 823.7704 824.4434 825.1163 825.7892 826.4621 827.1349 827.8079 828.5637 828.8939 828.5828 828.2703 828.1477 829.2444 830.3528 831.2828 831.668 831.9894 831.9131 831.8368 831.7604 831.6841 831.6078 831.5779 831.5657 831.5535 831.4177
875.44 871.8389 868.2019 864.2751 860.3483 857.5751 855.3156 852.8636 850.9469 849.0301 847.1133 845.1965 842.8541 841.0656 840.2336 837.8744 836.0449 834.7758 833.9297 833.0616 832.6854 832.3486 832.0117 831.6749 831.338 830.9916 830.919 830.0267 829.113 828.6685 828.3759 827.9606 827.97 826.3353 825.4526 824.7295 823.1364 824.3253 825.3245 825.9974 826.6703 827.3432 828.0161 828.689 828.7762 828.7941 828.4905 828.189 828.4323 829.5751 830.718 831.8608 831.9349 831.8586 831.7823 831.7059 831.6296 831.5533 831.4769 831.4478 831.4356 831.4235 831.4113
877.0999 873.1732 869.2463 865.3196 861.3928 858.968 857 854.6948 851.9025 849.5168 847.6 845.6832 843.3907 841.2968 840.4268 838.6947 836.4851 835.5131 834.8532 833.9404 832.9643 832.6274 832.2906 831.9538 831.6169 831.3024 831.0498 830.5567 829.6274 828.0737 827.6538 827.2385 827.6025 826.5419 824.6068 823.3353 823.6924 824.9246 826.2056 826.8785 827.5514 828.2243 828.4918 828.5156 828.5392 828.5629 828.3973 828.0816 828.8352 829.9482 830.9595 831.8037 831.4722 831.6945 831.6514 831.5751 831.4987 831.4224 831.3461 831.3178 831.3056 831.2934 831.2813
878.1444 874.2176 870.2908 866.364 862.4373 860.1964 858.4967 857 854.1685 851.7887 848.4656 846.1699 843.9274 841.528 840.6342 839.8342 838.0848 836.4706 835.7766 834.8192 833.7434 832.9064 832.5696 832.2327 831.8959 831.6057 831.353 831.0226 829.0329 827.9233 826.9318 826.5165 827.2349 827.3834 824.8051 824.3906 825.0156 825.7758 826.9569 827.7596 828.2075 828.2312 828.2549 828.2786 828.3022 828.326 828.2941 828.0304 829.1424 830.0168 830.8611 831.7053 831.2948 830.9577 831.1801 831.4025 831.3679 831.2916 831.2152 831.1877 831.1756 831.1634 831.1512
879.1888 875.2621 871.3353 867.4085 863.4817 861.458 860.2682 857.7357 857 853.6501 851.1248 848.6118 847.0948 844.2376 841.3805 840.1157 839.2742 837.7241 836.7001 835.6979 834.6222 833.5464 832.8484 832.5117 832.1748 831.9088 831.5969 831.2102 828.7065 827.7213 826.7103 825.7944 826.8674 825.1809 824.3661 824.7917 825.7424 826.6931 827.6439 828 828 828 828.0179 828.0416 828.0653 828.089 828.1127 828.23 829.0742 829.9184 830.7626 831.6068 831.1815 830.6368 830.4432 830.6656 830.888 831.1104 831.0844 831.0577 831.0455 831.0334 831.0212
879.0753 876.3065 872.3798 868.4529 864.5262 862.754 861.7098 859.4174 857.1131 857 853.3007 851.0914 849.3068 847.3495 845.4483 843.5471 841.3805 838.7379 837.6235 836.5767 835.501 834.4252 833.3494 832.7906 832.4647 832.171 831.7805 831.0934 830.6835 827.6813 826.5493 825.402 825.5414 825.3684 825.3958 825.2513 825.8881 826.8389 827.7896 828.032 828.0126 828 828 828 828 828 828 828.3099 828.9758 829.8199 830.6642 831.5084 831.0681 830.5234 829.9807 829.9288 830.1512 830.3736 830.5959 830.0212 829.8561 829.691 829.526
878.6094 876.0386 873.4242 869.4974 865.5706 864.05 862.968 861.2396 858.7903 857.7007 854.584 852.116 850.2969 847.806 845.9048 844.0037 842.1024 840.2012 838.3 837.105 836.1917 835.2784 834.2282 833.1525 832.7452 831.991 831.0307 830.0704 828.0027 827.3728 827.7119 826.9108 826.6453 826.3841 826.1229 826.1828 826.1365 826.9846 827.9353 828.0658 828.0464 828.027 828.0077 828 828 828 828.0032 828.4805 828.9243 829.7215 830.5657 831.4099 830.9547 830.41 829.8654 829.3837 829.4144 829.6368 829.66 828.1266 828.0347 827.9304 827.796
