avalanche_sim_xlib_slim/avalance_sim/avalance_sim/dem.txt
ncols         335
nrows         260
xllcorner     464250.82
yllcorner     5692100.77
cellsize      10
NODATA_value  -9999
[rows 168 to 195 of 260, columns 126 to 188 of 335]
1741.514 1737.368 1731.275 1721.494 1714.043 1710.23 1707.488 1698.996 1693.202 1688.68 1685.778 1681.054 1665.295 1649.506 1636.11 1629.917 1623.079 1616.242 1609.404 1602.151 1597.261 1595.4 1593.538 1591.676 1590.141 1580.449 1573.198 1569.342 1565.983 1562.623 1559.264 1555.99 1552.136 1548.283 1544.428 1542.989 1541.425 1539.862 1538.298 1536.735 1533.202 1526.821 1521.886 1517.609 1512.49 1507.372 1502.074 1496.616 1491.157 1485.699 1480.24 1474.782 1469.247 1463.616 1457.981 1452.346 1446.712 1441.077 1436.202 1431.911 1427.62 1423.329 1419.038
1749.926 1744.973 1739.22 1732.87 1728.651 1723.914 1718.263 1709.771 1703.465 1698.421 1691.787 1684.635 1669.011 1655.567 1646.34 1642.003 1634.65 1627.297 1619.944 1612.591 1605.71 1601.314 1599.452 1597.59 1595.729 1590.113 1583.177 1579.818 1576.458 1572.918 1567.918 1563.425 1559.387 1555.578 1551.768 1550.384 1548.389 1545.515 1542.646 1541.083 1535.281 1528.9 1523.432 1519.875 1515.101 1509.982 1504.695 1499.237 1493.778 1488.32 1482.861 1477.086 1471.216 1465.537 1459.902 1454.268 1448.633 1443.172 1438.841 1433.756 1430.717 1426.607 1422.316
1758.044 1752.578 1747.128 1743.529 1740.043 1736.557 1728.443 1720.054 1712.74 1706.183 1699.627 1691.291 1677.848 1666.851 1657.701 1656.091 1650.533 1643.18 1635.827 1628.474 1619.494 1614.624 1609.754 1604.884 1601.643 1599.879 1593.652 1589.985 1584.888 1579.913 1575.42 1570.927 1566.488 1562.678 1558.869 1558.01 1557.154 1552.223 1547.406 1542.589 1537.361 1530.98 1524.977 1521.42 1517.711 1512.592 1507.316 1501.858 1496.399 1490.907 1485.037 1479.167 1473.297 1467.458 1461.824 1456.189 1450.555 1445.984 1441.704 1436.768 1431.215 1427.939 1424.883
1766.732 1761.129 1755.802 1750.797 1747.311 1743.587 1735.378 1727.346 1721.245 1715.121 1708.564 1700.128 1687.939 1678.789 1669.639 1665.26 1665.841 1659.063 1651.71 1644.087 1634.408 1628.409 1623.539 1618.669 1613.799 1608.803 1601.955 1596.859 1591.909 1587.416 1582.923 1578.429 1573.936 1569.779 1566.491 1565.636 1560.837 1554.946 1549.003 1543.231 1538.415 1533.06 1526.679 1522.966 1519.409 1515.202 1509.937 1504.479 1498.859 1492.989 1487.119 1481.249 1475.379 1469.509 1463.745 1458.111 1452.904 1448.796 1444.589 1439.981 1434.221 1428.739 1426.171
1776.399 1769.884 1764.474 1759.132 1754.579 1750.391 1742.181 1734.1 1728.717 1723.285 1717.402 1709.027 1699.877 1690.727 1681.577 1674.429 1675.011 1674.946 1667.593 1659.579 1649.9 1642.193 1637.323 1632.453 1626.436 1618.158 1608.829 1603.905 1599.412 1594.918 1590.425 1585.932 1581.438 1576.945 1574.117 1569.403 1563.581 1557.686 1551.743 1545.8 1539.856 1534.24 1528.759 1524.512 1520.955 1517.398 1512.558 1506.81 1500.94 1495.07 1489.201 1483.331 1477.461 1471.591 1465.721 1460.032 1455.716 1451.607 1447.474 1442.694 1438.456 1433.15 1430.702
1786.066 1779.687 1773.871 1768.055 1762.462 1757.194 1748.325 1739.917 1734.68 1729.248 1723.816 1718.826 1711.774 1702.666 1693.516 1684.365 1684.18 1684.761 1683.476 1675.071 1665.392 1655.978 1651.108 1644.068 1636.1 1627.025 1615.005 1610.005 1605.568 1601.131 1596.694 1592.258 1587.821 1583.384 1577.969 1572.147 1566.325 1560.426 1554.483 1548.54 1542.596 1536.653 1530.71 1525.506 1521.506 1517.506 1513.926 1508.492 1502.642 1496.791 1490.941 1485.09 1479.24 1473.389 1467.539 1462.871 1458.519 1454.419 1450.311 1445.979 1444.989 1443.372 1440.814
1795.807 1789.49 1783.674 1777.858 1772.042 1762.849 1754.426 1745.733 1740.502 1735.21 1730.084 1725.231 1719.619 1712.332 1705.139 1696.304 1693.349 1693.93 1694.443 1688.179 1678.62 1669.179 1660.993 1652.658 1643.727 1630.765 1619.839 1614.717 1609.595 1604.974 1600.538 1596.101 1591.664 1586.759 1580.752 1574.891 1569.069 1563.166 1557.223 1551.28 1545.337 1539.393 1531.789 1524.369 1519.506 1515.506 1511.853 1509.044 1503.839 1497.989 1492.138 1486.288 1480.437 1474.587 1469.204 1466.481 1462.406 1457.425 1454.411 1451.911 1451.189 1449.659 1447.706
1805.275 1799.294 1793.477 1787.026 1778.817 1767.036 1759.424 1751.55 1746.786 1741.53 1736.49 1731.637 1726.784 1720.21 1712.893 1705.698 1702.517 1702.555 1702.927 1695.184 1684.345 1676.57 1668.482 1660.148 1647.833 1634.583 1624.752 1619.63 1614.508 1609.386 1604.381 1599.944 1595.507 1589.603 1583.596 1577.635 1571.813 1565.906 1559.963 1554.02 1547.615 1539.978 1532.34 1524.951 1517.632 1513.506 1509.78 1506.971 1504.161 1499.187 1493.336 1487.486 1481.635 1475.785 1472.677 1470.1 1465.615 1462.506 1457.798 1457.076 1455.467 1453.76 1452.027
1813.31 1809.097 1802 1794.473 1783.622 1771.411 1763.721 1759.851 1755.629 1747.303 1740.84 1737.218 1733.19 1728.12 1720.802 1714.447 1713.355 1712.625 1711.945 1703.689 1691.906 1683.961 1675.972 1665.19 1651.94 1638.689 1629.54 1624.443 1619.345 1614.247 1609.149 1604.051 1598.454 1592.447 1586.439 1580.432 1574.557 1568.646 1562.703 1555.804 1548.167 1540.529 1532.891 1525.533 1518.214 1511.506 1507.708 1504.898 1502.089 1499.279 1494.534 1488.683 1482.833 1478.588 1476.15 1473.712 1467.779 1465.569 1462.964 1461.274 1459.568 1457.861 1456.155
1819.96 1811.877 1804.434 1797.709 1785.952 1775.328 1772.469 1768.599 1764.333 1753.077 1745.094 1741.473 1737.851 1734.23 1729.841 1726 1724.331 1723.414 1719.265 1711.581 1699.597 1691.557 1682.547 1669.296 1656.046 1642.796 1634.747 1628.996 1623.898 1618.801 1613.703 1608.605 1602.453 1595.919 1589.385 1583.276 1577.3 1571.386 1563.993 1556.356 1548.718 1541.08 1533.442 1526.115 1518.796 1511.476 1505.635 1502.825 1500.016 1497.206 1494.397 1489.881 1484.499 1482.061 1479.623 1477.185 1473.022 1468.789 1467.082 1465.375 1463.669 1461.962 1460.255
1820.785 1812.645 1803.796 1796.241 1786.039 1779.859 1774.368 1774.108 1769.257 1757.891 1750.885 1748.99 1746.832 1744.675 1741.482 1737.553 1735.45 1731.325 1723.55 1715.805 1707.288 1695.928 1686.205 1673.402 1660.152 1646.901 1640.133 1634.003 1628.452 1623.354 1618.257 1613.159 1606.783 1600.25 1593.716 1587.182 1579.944 1572.49 1564.545 1556.907 1549.269 1541.631 1534.017 1526.697 1519.378 1512.906 1507.328 1504.164 1500.852 1497.54 1494.227 1490.915 1488.087 1485.641 1482.914 1480.295 1477.851 1475.4 1472.76 1470.121 1467.77 1466.063 1464.356
1823.38 1813.414 1804.713 1796.724 1790.57 1784.39 1778.21 1775.253 1769.315 1761.077 1759.951 1758.821 1757.687 1756.552 1753.155 1748.883 1742.678 1735.945 1728.236 1719.749 1708.964 1697.074 1688.6 1677.508 1664.258 1651.649 1645.519 1639.389 1633.26 1627.908 1622.811 1617.648 1611.114 1604.58 1598.047 1589.241 1578.687 1576.568 1568.048 1559.529 1551.009 1542.49 1534.599 1528.845 1523.267 1517.689 1512.111 1507.835 1505.287 1502.257 1498.945 1495.632 1491.844 1488.022 1487.863 1487.047 1484.577 1482.134 1479.495 1476.855 1474.215 1471.575 1468.935
1830.795 1820.995 1807.869 1799.255 1793.718 1788.296 1782.741 1776.561 1771.267 1770.141 1769.015 1767.889 1766.756 1764.832 1761.652 1757.611 1748.787 1740.499 1731.417 1717.117 1708.932 1698.22 1690.995 1681.615 1668.364 1657.035 1650.906 1644.776 1638.646 1632.516 1627.364 1621.979 1615.445 1608.911 1598.537 1587.983 1577.43 1576.842 1572.126 1563.607 1555.087 1546.568 1538.782 1533.627 1528.049 1522.471 1516.893 1512.621 1508.481 1505.995 1503.662 1499.702 1496.14 1493.802 1492.104 1493.864 1491.302 1488.859 1486.229 1483.589 1480.949 1478.309 1475.669
1833.783 1821.444 1807.631 1801.855 1796.134 1790.712 1785.29 1781.659 1779.993 1778.922 1777.851 1776.781 1775.348 1772.586 1769.442 1763.112 1754.046 1745.262 1730.876 1717.425 1708.897 1700.591 1693.389 1685.72 1672.47 1662.422 1656.292 1650.162 1644.032 1637.902 1631.918 1626.31 1618.386 1607.833 1597.279 1586.726 1576.172 1575.947 1575.704 1567.685 1559.166 1550.646 1542.662 1537.856 1532.455 1527.253 1521.675 1517.146 1513.027 1509.142 1506.704 1500.319 1494.161 1496.625 1499.09 1498.119 1498.028 1495.584 1492.963 1490.323 1487.683 1485.043 1482.403
1832.479 1820.213 1810.23 1804.875 1801.061 1797.168 1793.256 1789.555 1788.228 1787.166 1786.095 1784.697 1782.435 1780.054 1775.134 1767.995 1758.061 1749.252 1734.691 1722.964 1713.794 1704.112 1695.784 1688.582 1676.576 1667.808 1661.678 1655.548 1649.418 1643.288 1637.158 1627.683 1617.129 1606.575 1596.022 1585.468 1574.915 1575.052 1576.185 1571.763 1563.244 1554.724 1546.205 1542.47 1535.293 1531.026 1526.458 1521.355 1517.813 1513.433 1504.758 1497.33 1496.639 1499.103 1501.567 1504.032 1504.133 1502.31 1499.697 1497.057 1494.417 1491.003 1486.011
1841.464 1833.05 1823.751 1818.563 1814.748 1810.837 1804.919 1797.455 1796.062 1795.363 1794.032 1791.77 1789.508 1787.179 1780.326 1772.879 1762.945 1753.09 1740.629 1728.555 1719.333 1709.345 1699.309 1690.977 1680.682 1673.194 1667.064 1660.934 1653.961 1645.57 1637.48 1627.43 1615.872 1605.318 1594.764 1584.211 1573.657 1574.157 1575.289 1574.761 1567.322 1558.802 1550.283 1546.454 1541.47 1532.73 1529.598 1525.662 1520.965 1512.131 1501.309 1496.653 1499.117 1501.581 1504.045 1506.509 1508.974 1509.035 1506.431 1503.252 1498.261 1493.269 1488.277
1849.83 1842.412 1835.193 1831.373 1827.253 1819.788 1812.323 1804.859 1803.544 1802.632 1800.88 1798.483 1796.37 1793.068 1785.596 1777.012 1766.082 1756.296 1746.567 1734.493 1724.613 1714.577 1704.541 1694.505 1684.788 1678.58 1670.602 1662.212 1653.821 1645.43 1638.266 1628.801 1614.614 1604.06 1593.507 1582.953 1572.4 1573.262 1574.394 1575.527 1571.4 1562.881 1554.361 1550.234 1545.97 1539.705 1531.026 1525.61 1516.458 1507.305 1498.153 1499.132 1501.6 1504.068 1506.537 1509.005 1511.474 1513.942 1510.51 1505.518 1500.526 1495.535 1490.543
1857.192 1847.397 1838.189 1834.519 1830.703 1824.611 1819.346 1812.263 1810.741 1809.426 1808.112 1804.83 1800.88 1794.539 1787.82 1778.511 1768.729 1759.156 1749.582 1740.008 1729.846 1719.419 1708.901 1698.384 1687.867 1678.853 1670.462 1662.071 1653.68 1645.907 1639.053 1630.171 1615.254 1602.803 1592.249 1581.696 1571.234 1572.367 1573.499 1574.632 1573.818 1566.959 1558.439 1554.75 1550.47 1544.97 1537.256 1528.523 1520.476 1512.43 1504.384 1503.892 1504.227 1506.696 1509.164 1511.633 1514.101 1516.569 1512.933 1507.887 1502.842 1497.801 1492.809
1861.393 1851.609 1841.53 1837.868 1834.329 1827.539 1821.964 1818.905 1817.295 1816.033 1814.77 1808.952 1802.133 1795.842 1789.551 1780.053 1769.799 1759.545 1749.291 1739.309 1729.857 1720.405 1710.415 1699.898 1689.38 1678.863 1670.321 1661.931 1653.547 1646.693 1639.839 1631.542 1616.625 1601.707 1590.992 1580.438 1570.339 1571.472 1572.604 1573.736 1574.869 1570.689 1562.518 1559.266 1554.301 1550.258 1544.525 1535.804 1527.025 1518.979 1510.933 1510.649 1510.934 1511.22 1511.792 1514.26 1516.728 1519.197 1515.368 1510.322 1505.276 1500.231 1495.185
1865.195 1855.189 1844.856 1840.934 1837.678 1832.417 1827.778 1825.698 1824.078 1822.459 1821.073 1810.299 1803.229 1796.938 1787.993 1778.187 1768.099 1757.845 1747.648 1738.196 1728.744 1719.291 1709.839 1700.387 1690.894 1680.377 1670.181 1661.79 1654.334 1647.48 1640.626 1632.913 1617.995 1603.078 1589.734 1579.181 1569.444 1570.577 1571.709 1572.841 1573.974 1572.875 1566.596 1563.782 1556.037 1552.081 1554.738 1544.245 1534.279 1525.528 1517.482 1517.406 1517.691 1517.977 1518.262 1518.548 1519.356 1521.824 1517.803 1512.757 1507.711 1502.643 1497.508
1866.921 1859.024 1848.2 1845.284 1843.704 1839.932 1836.159 1832.469 1830.617 1828.764 1822.883 1812.372 1804.325 1795.672 1785.866 1776.059 1766.253 1756.145 1746.535 1737.082 1727.63 1718.178 1708.726 1699.273 1689.821 1680.369 1670.917 1661.974 1655.12 1648.266 1641.412 1634.284 1619.366 1604.449 1589.531 1577.923 1568.549 1569.681 1570.814 1571.946 1573.079 1574.211 1569.746 1563.063 1550.998 1551.395 1554.052 1556.709 1547.878 1535.911 1524.03 1523.967 1523.908 1523.85 1523.792 1523.734 1523.675 1523.617 1520.031 1514.895 1509.76 1504.625 1499.49
1868.135 1862.721 1857.417 1851.973 1850.084 1846.311 1843.293 1840.386 1836.265 1830.199 1821.451 1812.827 1804.061 1794.756 1785.451 1776.146 1766.841 1757.135 1747.804 1738.533 1729.263 1719.992 1710.721 1701.45 1692.18 1682.909 1673.513 1663.053 1656.151 1649.249 1642.346 1635.153 1620.737 1605.82 1590.902 1576.666 1567.654 1568.786 1569.919 1571.051 1572.183 1573.316 1570.858 1556.574 1548.051 1550.708 1553.365 1556.022 1558.68 1551.511 1539.543 1533.165 1526.889 1522.471 1522.413 1522.354 1522.296 1522.238 1519.503 1515.467 1511.602 1506.607 1501.472
1877.327 1874.8 1869.25 1862.714 1856.838 1854.109 1851.335 1848.369 1840.665 1831.956 1823.466 1815.512 1808.409 1799.104 1789.799 1780.288 1770.551 1760.815 1751.183 1741.913 1732.642 1723.371 1714.1 1704.83 1695.559 1686.288 1675.324 1664.298 1657.284 1650.382 1643.479 1635.116 1625.095 1608.855 1592.614 1577.355 1566.759 1567.891 1569.024 1572.713 1575.311 1577.91 1564.152 1550.962 1547.365 1550.022 1552.679 1555.336 1557.993 1560.65 1555.143 1548.765 1542.489 1536.213 1529.937 1523.661 1520.917 1520.858 1518.124 1515.031 1510.639 1506.764 1502.893
1886.676 1885.581 1880.488 1871.52 1864.188 1861.241 1858.606 1851.432 1842.944 1834.105 1825.615 1819.042 1812.536 1803.44 1793.704 1783.967 1774.231 1764.494 1754.758 1745.292 1736.021 1726.75 1717.479 1708.209 1698.938 1688.16 1677.134 1666.108 1658.417 1651.515 1644.212 1635.078 1626.456 1613.567 1597.327 1581.086 1570.442 1571.233 1573.424 1575.882 1578.492 1572.472 1559.601 1552.01 1547.723 1549.482 1552.135 1554.788 1557.442 1560.095 1562.748 1557.944 1551.86 1545.777 1539.694 1533.611 1527.528 1521.937 1517.044 1513.652 1510.497 1505.974 1505.922
1896.025 1890.811 1885.317 1878.985 1871.641 1867.754 1860.442 1852.854 1844.626 1836.29 1829.079 1821.984 1814.761 1806.451 1797.383 1787.647 1777.911 1768.174 1758.438 1748.701 1739.4 1730.13 1720.859 1711.588 1700.996 1689.97 1678.944 1667.918 1659.551 1652.648 1644.175 1635.041 1625.906 1618.28 1602.039 1585.799 1582.17 1580.993 1582.118 1583.426 1583.437 1576.385 1568.794 1561.204 1556.987 1553.568 1551.712 1554.365 1557.019 1559.672 1562.214 1558.786 1553.762 1547.679 1541.596 1535.513 1529.429 1525.985 1522.022 1514.432 1513.215 1512.718 1512.259
1899.252 1893.228 1887.788 1883.168 1877.676 1869.92 1862.164 1854.276 1846.038 1837.799 1829.891 1822.668 1815.445 1807.107 1798.507 1789.907 1781.307 1771.854 1762.117 1752.381 1742.779 1733.509 1724.238 1713.832 1702.806 1691.78 1680.754 1669.728 1660.684 1653.271 1644.137 1635.003 1625.869 1618.438 1606.752 1590.511 1593.558 1593.447 1591.626 1591.99 1589.349 1585.578 1577.988 1570.397 1566.251 1562.832 1559.413 1555.994 1556.595 1559.249 1561.643 1558.214 1554.786 1549.668 1543.497 1537.414 1532.383 1529.933 1528.232 1525.905 1522.953 1520.001 1519.192
1900.975 1895.222 1889.017 1883.165 1876.838 1869.464 1862.199 1855.067 1847.428 1839.189 1830.95 1823.352 1816.13 1807.763 1799.163 1790.563 1781.963 1773.363 1764.763 1756.06 1746.324 1736.888 1726.668 1715.642 1704.616 1693.59 1682.565 1671.539 1661.817 1653.234 1644.099 1634.965 1625.831 1616.697 1611.464 1601.318 1604.947 1605.147 1601.181 1597.657 1594.93 1592.394 1587.181 1579.591 1575.516 1572.096 1568.677 1565.258 1561.839 1558.826 1561.071 1557.643 1554.214 1550.749 1545.61 1539.315 1537.192 1532.3 1531.112 1531.431 1531.75 1529.74 1526.787
1901.783 1895.223 1888.662 1882.357 1875.974 1868.711 1861.579 1854.446 1847.313 1840.181 1832.34 1824.101 1816.814 1808.419 1799.819 1791.219 1782.619 1774.019 1765.419 1756.819 1748.221 1739.163 1728.155 1717.146 1706.138 1695.129 1684.121 1673.112 1662.667 1652.917 1644.062 1634.928 1625.794 1616.66 1610.42 1610.058 1610.574 1608.686 1605.723 1603.435 1601.148 1597.842 1595.428 1588.784 1584.78 1581.36 1577.941 1574.522 1571.103 1566.616 1561.629 1557.262 1553.737 1550.214 1546.559 1544.02 1540.039 1536.039 1535.488 1534.951 1534.629 1534.948 1535.267
