avalanche_sim_xlib_slim/avalance_sim/avalance_sim/dem.txt
ncols         335
nrows         260
xllcorner     464250.82
yllcorner     5692100.77
cellsize      10
NODATA_value  -9999
[rows 0 to 27 of 260, columns 63 to 125 of 335]
1712.107 1707.341 1703.341 1699.341 1695.341 1691.341 1687.341 1683.341 1679.341 1675.341 1671.645 1668.125 1664.605 1661.085 1657.565 1652.859 1648.152 1643.444 1639.574 1636.095 1632.616 1628.761 1624.29 1619.819 1615.349 1610.878 1606.408 1601.937 1597.893 1594.384 1589.228 1584.42 1579.717 1575.014 1570.312 1565.609 1560.906 1555.544 1549.594 1543.643 1537.693 1531.742 1525.792 1519.842 1513.891 1508.045 1503.371 1498.698 1494.024 1489.35 1484.676 1479.425 1472.375 1464.629 1456.864 1449.086 1441.308 1433.531 1425.753 1417.975 1410.197 1402.42 1394.573
1707.211 1703.116 1699.216 1695.316 1691.341 1687.341 1683.341 1679.341 1675.341 1671.341 1667.654 1664.134 1660.615 1656.074 1651.367 1646.659 1641.952 1637.244 1633.375 1629.895 1626.416 1622.936 1619.457 1615.456 1610.986 1606.515 1602.889 1599.38 1595.87 1592.361 1587.173 1581.586 1576.494 1571.791 1567.089 1562.386 1557.683 1552.414 1546.91 1541.406 1535.519 1529.569 1523.618 1517.668 1511.717 1505.871 1501.198 1496.524 1491.85 1486.938 1481.491 1476.045 1468.946 1461.199 1453.453 1445.706 1437.959 1430.197 1422.42 1414.642 1406.864 1399.086 1391.24
1702.811 1698.716 1694.816 1690.916 1687.016 1683.116 1679.216 1675.316 1671.341 1667.341 1663.664 1659.289 1654.582 1649.874 1645.167 1640.459 1635.752 1631.044 1627.175 1623.695 1620.216 1616.736 1613.257 1610.498 1607.802 1604.376 1600.866 1597.357 1593.848 1590.338 1585.119 1579.532 1573.944 1568.568 1563.866 1559.163 1554.461 1549.175 1543.67 1538.166 1532.662 1527.157 1521.444 1515.494 1509.543 1503.698 1499.024 1494.35 1489.004 1483.558 1478.112 1472.666 1465.517 1457.77 1450.023 1442.276 1434.53 1426.783 1419.036 1411.29 1403.531 1395.753 1387.906
1699.442 1695.266 1691.435 1687.603 1683.772 1679.94 1676.109 1672.277 1668.446 1663.616 1658.533 1653.675 1648.815 1643.955 1639.094 1634.259 1629.552 1624.844 1620.974 1618.165 1615.496 1612.827 1610.158 1607.489 1604.792 1602.055 1598.844 1595.334 1591.825 1588.315 1583.065 1577.477 1571.89 1566.302 1560.715 1555.94 1551.238 1545.935 1540.431 1534.926 1529.422 1523.918 1518.413 1512.909 1507.369 1501.524 1496.517 1491.071 1485.625 1480.179 1474.733 1469.287 1462.087 1454.341 1446.594 1438.847 1431.101 1423.354 1415.607 1407.86 1400.221 1392.633 1385.759
1698.131 1694.015 1690.183 1686.352 1682.52 1678.689 1674.857 1670.49 1664.772 1659.053 1653.984 1649.188 1644.361 1639.501 1634.641 1629.78 1624.92 1620.06 1617.627 1615.156 1612.487 1609.818 1607.149 1604.48 1601.782 1599.045 1596.307 1593.311 1589.802 1586.292 1581.01 1575.423 1569.836 1564.248 1558.661 1553.073 1548.015 1542.695 1537.191 1531.687 1526.182 1520.728 1515.385 1510.043 1504.7 1499.339 1493.789 1488.239 1482.689 1477.139 1471.589 1466.038 1458.898 1451.31 1443.721 1436.133 1428.545 1420.957 1413.369 1405.781 1398.193 1390.86 1384.106
1696.819 1692.763 1688.932 1685.1 1681.269 1677.365 1671.646 1665.927 1660.209 1654.49 1649.435 1644.639 1639.843 1635.046 1630.187 1625.327 1620.467 1615.606 1613.249 1611.86 1609.478 1606.809 1604.14 1601.471 1598.772 1596.035 1593.297 1590.559 1587.779 1584.27 1578.956 1573.369 1567.781 1562.194 1556.606 1550.577 1544.354 1539.928 1534.689 1529.347 1524.004 1518.662 1513.32 1507.977 1502.635 1497.269 1491.719 1486.169 1480.619 1475.069 1469.13 1462.229 1455.788 1449.281 1441.693 1434.105 1426.516 1418.928 1411.34 1403.752 1396.431 1389.364 1382.453
1695.507 1691.512 1687.68 1683.849 1678.52 1672.802 1667.083 1661.364 1655.646 1649.927 1644.885 1640.089 1635.293 1630.497 1625.701 1620.873 1616.013 1611.153 1608.871 1607.482 1606.094 1603.8 1601.131 1598.462 1595.762 1593.025 1590.287 1587.549 1584.812 1582.044 1576.225 1570.131 1564.036 1557.942 1551.847 1545.752 1538.509 1534.148 1530.49 1526.832 1521.939 1516.596 1511.254 1505.912 1500.569 1495.199 1489.649 1484.099 1478.549 1472.082 1465.181 1458.281 1451.849 1445.523 1439.197 1432.076 1424.488 1416.9 1409.311 1402.001 1394.934 1387.868 1380.802
1694.196 1690.26 1685.395 1679.676 1673.957 1668.239 1662.52 1656.801 1651.083 1645.364 1640.336 1635.54 1630.744 1625.948 1621.152 1616.356 1611.56 1606.699 1604.493 1603.104 1601.716 1600.328 1598.122 1595.453 1592.752 1590.015 1587.277 1584.539 1580.991 1577.285 1571.401 1565.306 1559.212 1553.117 1547.022 1539.961 1532.665 1528.368 1524.71 1521.052 1517.394 1513.736 1509.189 1503.846 1498.504 1493.13 1487.58 1481.934 1475.034 1468.133 1461.233 1454.332 1447.911 1441.584 1435.258 1428.932 1422.459 1414.871 1407.571 1400.504 1393.438 1386.372 1379.305
1692.843 1686.66 1680.832 1675.113 1669.394 1663.676 1657.957 1652.238 1646.52 1640.801 1635.787 1630.991 1626.195 1621.399 1616.603 1611.807 1607.01 1602.314 1600.135 1598.726 1597.338 1595.95 1594.561 1592.444 1589.743 1587.005 1583.643 1579.938 1576.232 1572.526 1566.576 1560.482 1554.387 1548.292 1541.413 1534.116 1526.82 1522.589 1518.931 1515.273 1511.615 1507.957 1504.298 1500.64 1496.438 1491.06 1484.886 1477.986 1471.085 1464.185 1457.285 1450.384 1443.972 1437.646 1431.32 1424.993 1418.609 1412.241 1406.074 1399.008 1391.942 1384.875 1377.809
1691.6 1685.382 1679.163 1672.945 1666.726 1660.507 1654.289 1648.07 1641.957 1636.238 1631.238 1626.507 1621.832 1617.157 1612.482 1607.807 1603.131 1598.456 1596.362 1594.858 1593.355 1591.851 1590.348 1588.844 1586.296 1582.59 1578.884 1575.178 1571.473 1567.767 1561.752 1555.657 1549.563 1542.865 1535.568 1528.272 1520.975 1516.809 1513.151 1509.493 1505.835 1502.177 1498.519 1494.861 1491.203 1487.524 1480.781 1474.037 1467.137 1460.237 1453.336 1446.436 1440.033 1433.707 1427.107 1420.33 1413.554 1407.1 1402.751 1397.512 1390.445 1383.379 1376.313
1690.323 1684.104 1677.885 1671.667 1665.448 1659.23 1653.011 1646.617 1639.554 1632.491 1627.324 1622.649 1617.974 1613.299 1608.624 1603.949 1599.273 1594.598 1592.588 1591.085 1589.581 1588.078 1586.574 1584.146 1580.971 1577.831 1574.125 1570.419 1566.713 1563.008 1556.927 1550.833 1544.316 1537.02 1529.724 1522.427 1515.131 1511.03 1507.372 1503.714 1500.055 1496.397 1492.739 1489.081 1486.43 1482.865 1476.123 1469.38 1462.638 1455.895 1449.153 1442.41 1435.605 1428.828 1422.052 1415.275 1408.499 1401.96 1397.61 1393.26 1388.911 1381.883 1374.816
1689.045 1682.826 1676.608 1670.389 1663.91 1656.848 1649.785 1642.722 1635.659 1628.596 1623.465 1618.791 1614.116 1609.441 1604.766 1600.091 1595.415 1590.74 1588.815 1587.311 1585.808 1584.304 1581.817 1578.448 1575.281 1572.299 1569.318 1565.66 1561.954 1558.198 1552.103 1545.768 1538.472 1531.175 1523.879 1516.583 1509.286 1505.25 1501.592 1497.934 1494.276 1490.618 1487.141 1484.522 1481.902 1478.207 1471.464 1464.722 1457.979 1451.237 1444.762 1438.861 1430.804 1423.773 1416.997 1410.22 1403.444 1396.819 1392.469 1388.12 1383.77 1379.42 1373.32
1687.767 1681.204 1674.141 1667.078 1660.016 1652.953 1645.89 1638.827 1631.764 1624.701 1619.607 1614.932 1610.258 1605.583 1600.908 1596.233 1591.557 1586.882 1585.041 1583.538 1582.034 1579.488 1576.119 1572.751 1569.59 1566.609 1563.627 1560.646 1557.195 1553.373 1547.22 1539.923 1532.627 1525.331 1518.034 1510.738 1503.442 1499.47 1495.812 1492.154 1488.496 1485.233 1482.614 1479.994 1477.375 1473.548 1466.806 1460.063 1453.321 1447.121 1441.22 1435.318 1427.236 1418.923 1411.942 1405.165 1398.389 1391.679 1387.329 1382.979 1378.63 1374.28 1369.984
1682.66 1676.49 1670.246 1663.183 1656.121 1649.058 1641.995 1634.932 1627.869 1620.806 1615.748 1611.073 1606.399 1601.724 1597.05 1592.375 1587.699 1583.024 1581.268 1579.764 1577.159 1573.79 1570.422 1567.053 1563.899 1560.918 1557.937 1554.955 1551.974 1548.548 1541.375 1534.079 1526.782 1519.486 1512.19 1504.893 1497.597 1493.691 1490.033 1486.375 1483.325 1480.705 1478.086 1475.466 1472.847 1468.89 1462.147 1455.405 1449.479 1443.578 1437.677 1431.776 1423.667 1415.355 1407.042 1400.11 1393.334 1386.557 1382.188 1377.839 1373.489 1369.798 1368.78
1676.483 1670.313 1664.143 1657.973 1651.803 1645.163 1638.1 1631.037 1623.974 1616.911 1611.889 1607.215 1602.54 1597.866 1593.191 1588.516 1583.841 1579.166 1577.495 1574.829 1571.461 1568.092 1564.724 1561.356 1558.209 1555.227 1552.257 1549.304 1546.351 1542.48 1535.353 1528.225 1520.938 1513.642 1506.345 1499.049 1491.753 1487.911 1484.253 1481.417 1478.797 1476.178 1473.558 1470.939 1468.319 1464.232 1457.74 1451.838 1445.937 1440.036 1434.135 1428.234 1420.098 1411.786 1403.474 1395.161 1388.279 1381.502 1377.048 1372.698 1369.613 1368.595 1367.576
1670.307 1664.137 1657.967 1651.797 1645.626 1639.456 1633.286 1627.116 1620.079 1613.016 1608.031 1603.356 1598.681 1594.007 1589.332 1584.658 1579.983 1575.308 1572.5 1569.132 1565.77 1562.416 1559.063 1555.709 1552.593 1549.64 1546.687 1543.734 1540.27 1536.174 1529.047 1521.919 1514.792 1507.664 1500.501 1493.204 1485.908 1482.132 1479.509 1476.889 1474.27 1471.65 1469.031 1466.411 1463.636 1460.098 1454.197 1448.296 1442.395 1436.494 1430.592 1424.691 1416.53 1408.217 1399.905 1391.593 1383.28 1376.447 1371.907 1369.428 1368.41 1367.391 1366.373
1664.006 1658.442 1652.243 1646.044 1639.844 1633.645 1627.446 1621.247 1615.047 1608.848 1603.658 1598.847 1594.036 1589.225 1584.414 1579.603 1574.792 1569.981 1566.881 1563.545 1560.191 1556.838 1553.484 1550.13 1547.022 1544.069 1541.116 1537.724 1534.034 1529.869 1522.741 1515.614 1508.486 1501.359 1494.231 1487.104 1480.024 1477.182 1474.399 1471.616 1468.832 1466.049 1463.266 1460.423 1456.787 1453.215 1449.738 1444.754 1438.852 1432.951 1427.05 1421.149 1412.961 1404.649 1396.336 1388.024 1379.711 1371.399 1369.243 1368.224 1367.206 1366.187 1364.685
1657.263 1652.217 1647.172 1641.21 1635.011 1628.811 1622.612 1616.413 1610.214 1604.014 1598.325 1592.833 1588.022 1583.211 1578.4 1573.589 1568.778 1563.986 1560.896 1557.807 1554.613 1551.259 1547.905 1544.552 1541.452 1538.499 1535.178 1531.488 1527.798 1523.563 1516.436 1509.308 1502.181 1495.053 1487.926 1480.846 1474.029 1471.245 1468.462 1465.679 1462.895 1460.112 1456.906 1453.27 1449.634 1446.064 1442.587 1439.11 1435.31 1429.409 1423.508 1417.606 1409.393 1401.08 1392.768 1384.455 1378.082 1372.635 1368.039 1367.021 1366.002 1364.984 1362.866
1650.52 1645.474 1640.429 1635.383 1630.177 1623.977 1617.778 1611.579 1605.38 1599.18 1593.502 1587.867 1582.232 1577.198 1572.387 1567.576 1562.765 1558.001 1554.912 1551.822 1548.733 1545.643 1542.327 1538.973 1535.881 1532.632 1528.942 1525.252 1521.562 1517.258 1510.13 1503.003 1495.875 1488.748 1481.668 1474.829 1468.092 1465.308 1462.525 1459.742 1456.958 1453.389 1449.753 1446.117 1442.481 1438.913 1435.436 1431.959 1428.483 1425.006 1419.965 1414.064 1405.824 1397.512 1391.234 1385.787 1380.341 1374.894 1369.447 1365.817 1364.798 1363.78 1361.047
1643.776 1638.731 1633.686 1628.64 1623.595 1618.55 1612.944 1606.745 1600.546 1594.346 1588.679 1583.043 1577.408 1571.773 1566.373 1561.562 1556.751 1552.016 1548.927 1545.838 1542.748 1539.659 1536.569 1533.395 1530.086 1526.396 1522.706 1519.016 1515.326 1510.952 1503.824 1496.697 1489.569 1482.49 1475.651 1468.813 1462.155 1459.371 1456.588 1453.508 1449.872 1446.236 1442.6 1438.964 1435.328 1431.762 1428.285 1424.808 1421.332 1417.855 1414.378 1410.521 1404.386 1398.939 1393.492 1388.046 1382.599 1377.152 1371.706 1366.259 1363.595 1362.576 1359.228
1637.033 1631.988 1626.943 1621.897 1616.852 1611.807 1606.761 1601.716 1595.712 1589.512 1583.855 1578.22 1572.585 1566.95 1561.315 1555.68 1550.737 1546.032 1542.943 1539.853 1536.764 1533.674 1530.649 1527.644 1523.911 1520.16 1516.47 1512.78 1509.09 1504.646 1497.519 1490.391 1483.311 1476.473 1469.635 1462.796 1456.218 1453.435 1449.991 1446.355 1442.719 1439.083 1435.447 1431.811 1428.175 1424.611 1421.134 1417.657 1414.181 1410.704 1407.747 1404.992 1401.751 1398.124 1394.496 1390.304 1384.857 1379.411 1373.964 1368.517 1363.07 1361.373 1357.408
1630.29 1625.245 1620.199 1615.154 1610.109 1605.063 1600.018 1594.973 1589.927 1584.678 1579.032 1573.397 1567.762 1562.126 1556.491 1550.856 1545.221 1540.047 1536.984 1533.979 1530.975 1527.97 1524.966 1521.961 1518.202 1514.151 1510.234 1506.543 1502.853 1498.341 1491.213 1484.133 1477.295 1470.457 1463.618 1456.78 1450.281 1446.474 1442.838 1439.202 1435.566 1431.93 1428.294 1424.658 1421.022 1417.46 1413.983 1410.506 1407.528 1404.772 1402.017 1399.262 1396.443 1392.815 1389.187 1385.56 1381.932 1378.304 1374.677 1370.776 1365.329 1360.169 1355.431
1623.547 1618.502 1613.54 1608.725 1603.911 1599.096 1594.281 1589.466 1584.651 1579.837 1574.203 1568.568 1562.933 1557.298 1551.663 1546.028 1540.349 1534.778 1531.544 1528.311 1525.292 1522.287 1519.283 1516.278 1512.493 1508.442 1504.39 1500.339 1496.617 1492.035 1484.955 1478.117 1471.279 1464.689 1458.249 1451.809 1445.63 1441.558 1437.485 1433.413 1429.34 1425.268 1421.195 1417.505 1413.869 1410.309 1407.308 1404.553 1401.798 1399.043 1396.287 1393.532 1390.777 1387.506 1383.878 1380.25 1376.623 1372.995 1369.368 1365.74 1362.112 1358.485 1349.898
1617.443 1613.263 1608.725 1603.911 1599.096 1594.281 1589.466 1584.651 1579.837 1575.008 1569.373 1563.738 1558.103 1552.468 1546.833 1541.066 1535.248 1529.722 1526.488 1523.255 1520.021 1516.788 1513.6 1510.595 1506.785 1502.733 1498.682 1494.63 1490.579 1485.777 1479.297 1472.857 1466.417 1459.977 1453.536 1447.097 1440.979 1436.906 1432.834 1428.762 1424.689 1420.617 1416.544 1412.472 1408.196 1404.397 1401.578 1398.823 1396.068 1393.313 1390.558 1387.802 1385.047 1382.197 1378.569 1374.942 1371.314 1367.686 1364.059 1360.431 1356.75 1351.541 1342.076
1611.314 1607.134 1602.955 1598.775 1594.281 1589.466 1584.651 1579.837 1575.022 1570.179 1564.544 1558.909 1553.273 1547.601 1541.783 1535.966 1530.148 1524.666 1521.433 1518.199 1514.965 1511.732 1508.498 1506.087 1502.632 1498.79 1494.948 1491.107 1487.121 1481.18 1474.584 1468.144 1461.704 1455.264 1448.824 1442.384 1436.328 1432.255 1428.183 1424.11 1420.038 1415.965 1411.893 1407.342 1402.614 1398.851 1396.006 1393.16 1390.338 1387.583 1384.828 1382.073 1379.317 1376.562 1373.26 1369.632 1366.005 1362.377 1358.75 1354.989 1349.781 1344.572 1334.255
1605.185 1601.006 1596.826 1592.647 1588.467 1584.287 1579.837 1575.022 1570.207 1565.349 1559.714 1554.079 1548.318 1542.501 1536.683 1530.865 1525.048 1519.611 1516.377 1513.143 1509.91 1507.286 1505.29 1503.294 1499.807 1495.965 1492.124 1488.282 1482.653 1476.703 1470.078 1463.452 1456.991 1450.551 1444.111 1437.671 1431.677 1427.604 1423.532 1419.459 1415.387 1411.217 1406.488 1401.76 1397.031 1393.305 1390.46 1387.614 1384.769 1381.924 1379.098 1376.343 1373.588 1370.832 1367.951 1364.323 1360.696 1357.068 1353.229 1348.02 1342.812 1336.928 1326.433
1599.057 1594.877 1590.698 1586.518 1582.339 1578.159 1573.979 1569.8 1565.392 1560.519 1554.854 1549.036 1543.218 1537.401 1531.583 1525.765 1519.947 1514.555 1511.321 1508.486 1506.49 1504.493 1502.497 1500.501 1496.982 1493.141 1489.299 1483.846 1478.186 1472.226 1465.601 1458.975 1452.35 1445.838 1439.398 1432.958 1427.025 1422.953 1418.88 1414.808 1410.363 1405.634 1400.905 1396.177 1391.448 1387.759 1384.914 1382.068 1379.223 1376.378 1373.532 1370.687 1367.858 1365.103 1362.347 1359.014 1355.387 1351.469 1346.26 1341.051 1335.842 1329.106 1318.611
1592.928 1588.749 1584.569 1580.389 1576.21 1572.03 1567.851 1563.671 1560.026 1556.32 1550.402 1544.484 1538.567 1532.649 1526.731 1520.813 1514.895 1509.685 1507.689 1505.693 1503.697 1501.7 1499.704 1497.708 1494.157 1490.316 1485.039 1479.379 1473.719 1467.75 1461.124 1454.499 1447.873 1441.248 1434.686 1428.246 1422.374 1418.302 1414.229 1409.509 1404.78 1400.051 1395.323 1390.594 1385.865 1382.213 1379.368 1376.522 1373.677 1370.832 1367.986 1365.141 1362.296 1359.45 1356.618 1353.705 1349.708 1344.499 1339.291 1334.082 1328.873 1321.284 1310.789
