avalanche_sim_xlib_slim/avalance_sim/avalance_sim/output_path.dem
ncols			454
nrows			454
xllcorner		457590
yllcorner		5.6779e+006
cellsize		5
NODATA_value	-9999
[rows 99 to 131 of 454, columns 76 to 151 of 454]
2.04341 2.19813 2.35285 2.05902 1.76519 2.12004 2.4749 3.27884 4.08279 3.49942 2.91605 2.45718 1.9983 2.3093 2.62029 3.28813 3.95596 3.62345 3.29095 3.38548 3.48002 4.02275 4.56549 5.04097 5.51645 4.9593 4.40216 5.61931 6.83646 7.65525 8.47403 6.92676 5.37949 5.17191 4.96432 5.46724 5.97015 5.63339 5.29663 3.93389 2.57116 1.81129 1.05143 0.748362 0.445294 0.290369 0.135441 0.0687199 0.0019987 0.000999353 -9999 -9999 -9999 -9999 -9999 -9999 -9999 -9999 -9999 -9999 -9999 -9999 -9999 -9999 -9999 -9999 -9999 -9999 -9999 -9999 -9999 -9999 -9999 -9999 -9999 -9999
1.81569 2.05511 2.29452 1.97378 1.65304 1.94299 2.23293 3.12382 4.01471 3.78765 3.5606 2.8914 2.22221 2.5095 2.7968 3.58351 4.37022 3.79516 3.2201 3.31862 3.41713 4.23198 5.04682 5.17636 5.3059 4.77506 4.24421 5.42157 6.59892 7.34592 8.09293 6.9777 5.86247 5.53907 5.21567 5.64009 6.06452 5.66273 5.26095 3.91568 2.57043 1.77506 0.979705 0.725159 0.470608 0.312419 0.154228 0.0798883 0.00554864 0.00277433 -9999 -9999 -9999 -9999 -9999 -9999 -9999 -9999 -9999 -9999 -9999 -9999 -9999 -9999 -9999 -9999 -9999 -9999 -9999 -9999 -9999 -9999 -9999 -9999 -9999 -9999
1.58797 1.91209 2.2362 1.88855 1.5409 1.76593 1.99096 2.9688 3.94663 4.07589 4.20514 3.32563 2.44611 2.70971 2.9733 3.87889 4.78449 3.96687 3.14926 3.25175 3.35425 4.4412 5.52814 5.31175 5.09536 4.59081 4.08627 5.22382 6.36138 7.0366 7.71182 7.02864 6.34545 5.90624 5.46702 5.81295 6.15888 5.69207 5.22526 3.89747 2.5697 1.73884 0.907985 0.701956 0.495923 0.33447 0.173015 0.0910566 0.00909858 0.00454931 -9999 -9999 -9999 -9999 -9999 -9999 -9999 -9999 -9999 -9999 -9999 -9999 -9999 -9999 -9999 -9999 -9999 -9999 -9999 -9999 -9999 -9999 -9999 -9999 -9999 -9999
1.58213 1.9621 2.34207 1.93557 1.52906 1.87338 2.21769 3.09774 3.97779 4.06984 4.16189 3.44146 2.72104 3.13579 3.55054 4.23897 4.92741 4.19291 3.45842 3.8403 4.22219 4.98175 5.74131 5.76766 5.794 5.01091 4.22783 5.20002 6.17221 6.90442 7.63664 7.15961 6.68259 6.76563 6.84867 6.81201 6.77535 5.89031 5.00526 3.96305 2.92086 1.92763 0.93442 0.728841 0.52326 0.363242 0.203222 0.104606 0.00599007 0.00299505 -9999 -9999 -9999 -9999 -9999 -9999 -9999 -9999 -9999 -9999 -9999 -9999 -9999 -9999 -9999 -9999 -9999 -9999 -9999 -9999 -9999 -9999 -9999 -9999 -9999 -9999
1.57629 2.01212 2.44794 1.98259 1.51723 1.98082 2.44441 3.22668 4.00895 4.06379 4.11863 3.5573 2.99597 3.56187 4.12777 4.59905 5.07032 4.41895 3.76757 4.42885 5.09013 5.52231 5.95448 6.22356 6.49265 5.43102 4.36939 5.17621 5.98304 6.77224 7.56145 7.29059 7.01973 7.62503 8.23033 7.81108 7.39183 6.08854 4.78525 4.02863 3.27202 2.11643 0.960854 0.755727 0.550597 0.392014 0.233429 0.118155 0.00288157 0.00144079 -9999 -9999 -9999 -9999 -9999 -9999 -9999 -9999 -9999 -9999 -9999 -9999 -9999 -9999 -9999 -9999 -9999 -9999 -9999 -9999 -9999 -9999 -9999 -9999 -9999 -9999
1.52983 1.85209 2.17435 1.84132 1.5083 2.04741 2.58651 3.36016 4.13381 4.06303 3.99225 3.56437 3.13648 3.85522 4.57396 4.88517 5.19638 4.58991 3.98343 4.47775 4.97207 5.55055 6.12902 6.32714 6.52525 5.53775 4.55025 5.25155 5.95285 6.89183 7.83081 7.29552 6.76024 7.41144 8.06264 7.55676 7.05087 6.15849 5.26611 4.24743 3.22876 2.12362 1.0185 0.803771 0.58904 0.431782 0.274521 0.14434 0.0141591 0.00707956 -9999 -9999 -9999 -9999 -9999 -9999 -9999 -9999 -9999 -9999 -9999 -9999 -9999 -9999 -9999 -9999 -9999 -9999 -9999 -9999 -9999 -9999 -9999 -9999 -9999 -9999
1.48337 1.69207 1.90076 1.70006 1.49936 2.11399 2.72862 3.49365 4.25868 4.06227 3.86587 3.57143 3.277 4.14857 5.02015 5.1713 5.32244 4.76086 4.19929 4.52665 4.85401 5.57879 6.30357 6.43071 6.55785 5.64448 4.73111 5.32688 5.92266 7.01141 8.10017 7.30046 6.50075 7.19785 7.89496 7.30244 6.70991 6.22844 5.74696 4.46623 3.18551 2.13082 1.07614 0.851816 0.627483 0.471549 0.315613 0.170525 0.0254366 0.0127183 -9999 -9999 -9999 -9999 -9999 -9999 -9999 -9999 -9999 -9999 -9999 -9999 -9999 -9999 -9999 -9999 -9999 -9999 -9999 -9999 -9999 -9999 -9999 -9999 -9999 -9999
1.38686 1.67195 1.95705 1.76234 1.56763 2.0601 2.55258 3.28258 4.01258 3.99413 3.97568 3.58128 3.18687 3.97538 4.76389 4.86137 4.95886 4.48594 4.01302 4.35835 4.70369 5.6418 6.57992 6.65538 6.73083 5.71878 4.70672 5.55678 6.40685 7.07745 7.74805 7.26785 6.78765 7.64882 8.50999 7.79451 7.07904 6.12759 5.17615 4.08589 2.99565 2.04436 1.09309 0.875733 0.658371 0.466321 0.274267 0.155715 0.0371624 0.0185813 -9999 -9999 -9999 -9999 -9999 -9999 -9999 -9999 -9999 -9999 -9999 -9999 -9999 -9999 -9999 -9999 -9999 -9999 -9999 -9999 -9999 -9999 -9999 -9999 -9999 -9999
1.29035 1.65184 2.01334 1.82461 1.63589 2.00621 2.37653 3.07151 3.76649 3.92599 4.08549 3.59112 3.09675 3.80218 4.50762 4.55145 4.59528 4.21102 3.82676 4.19006 4.55336 5.70482 6.85627 6.88004 6.90381 5.79308 4.68234 5.78669 6.89103 7.14348 7.39593 7.23524 7.07455 8.09978 9.12501 8.28659 7.44817 6.02675 4.60533 3.70555 2.80579 1.95791 1.11004 0.89965 0.689258 0.461092 0.232922 0.140905 0.0488883 0.0244442 -9999 -9999 -9999 -9999 -9999 -9999 -9999 -9999 -9999 -9999 -9999 -9999 -9999 -9999 -9999 -9999 -9999 -9999 -9999 -9999 -9999 -9999 -9999 -9999 -9999 -9999
1.55217 1.78074 2.00932 1.79562 1.58192 1.9262 2.27048 2.95221 3.63394 3.76429 3.89463 3.36165 2.82867 3.55753 4.2864 4.64999 5.01357 4.40982 3.80606 4.28539 4.76472 6.10439 7.44407 7.21059 6.97711 5.92345 4.86979 5.8892 6.90862 7.44882 7.98903 7.88496 7.78088 8.91744 10.054 8.70751 7.36102 6.06208 4.76315 3.69598 2.62883 1.91694 1.20507 0.96487 0.724667 0.503759 0.282847 0.164441 0.0460355 0.0233148 0.00059397 0.000296986 -9999 -9999 -9999 -9999 -9999 -9999 -9999 -9999 -9999 -9999 -9999 -9999 -9999 -9999 -9999 -9999 -9999 -9999 -9999 -9999 -9999 -9999 -9999 -9999
1.81399 1.90964 2.00529 1.76662 1.52795 1.84619 2.16443 2.83291 3.50139 3.60258 3.70378 3.13218 2.56059 3.31288 4.06518 4.74853 5.43187 4.60861 3.78536 4.38071 4.97607 6.50397 8.03187 7.54114 7.05042 6.05382 5.05723 5.99171 6.9262 7.75417 8.58213 8.53467 8.48721 9.7351 10.983 9.12842 7.27387 6.09742 4.92096 3.6864 2.45186 1.87598 1.3001 1.03009 0.760076 0.546426 0.332773 0.187978 0.0431827 0.0221854 0.00118794 0.000593972 -9999 -9999 -9999 -9999 -9999 -9999 -9999 -9999 -9999 -9999 -9999 -9999 -9999 -9999 -9999 -9999 -9999 -9999 -9999 -9999 -9999 -9999 -9999 -9999
1.92707 1.94885 1.97063 1.74561 1.52059 1.85076 2.18094 2.80921 3.43748 3.51066 3.58384 3.13098 2.67812 3.47285 4.26759 4.9675 5.66741 5.04955 4.43169 4.87096 5.31024 6.4635 7.61677 7.58351 7.55024 6.55198 5.55372 6.40825 7.26278 8.17512 9.08746 9.54384 10.0002 10.8707 11.7411 9.48871 7.23632 6.06058 4.88483 3.78878 2.69274 1.99281 1.29289 1.08195 0.871009 0.66371 0.456407 0.264113 0.0718181 0.0382129 0.00460751 0.00230376 -9999 -9999 -9999 -9999 -9999 -9999 -9999 -9999 -9999 -9999 -9999 -9999 -9999 -9999 -9999 -9999 -9999 -9999 -9999 -9999 -9999 -9999 -9999 -9999
2.04015 1.98805 1.93596 1.72459 1.51323 1.85534 2.19745 2.78551 3.37357 3.41874 3.46391 3.12978 2.79564 3.63282 4.46999 5.18647 5.90294 5.49048 5.07802 5.36121 5.6444 6.42304 7.20167 7.62587 8.05007 7.05014 6.0502 6.82478 7.59936 8.59608 9.5928 10.553 11.5132 12.0062 12.4992 9.849 7.19877 6.02374 4.8487 3.89115 2.93361 2.10964 1.28569 1.13382 0.981942 0.780993 0.580042 0.340248 0.100453 0.0542404 0.00802707 0.00401355 -9999 -9999 -9999 -9999 -9999 -9999 -9999 -9999 -9999 -9999 -9999 -9999 -9999 -9999 -9999 -9999 -9999 -9999 -9999 -9999 -9999 -9999 -9999 -9999
2.00954 2.03878 2.06802 1.75084 1.43367 1.7699 2.10614 2.76423 3.42232 3.22281 3.0233 2.93651 2.84972 3.5544 4.25908 4.79668 5.33428 4.90878 4.48327 4.90969 5.33611 6.40317 7.47023 8.12418 8.77814 7.748 6.71786 7.25759 7.79732 9.044 10.2907 11.0315 11.7723 11.8272 11.8821 9.77926 7.67641 6.47238 5.26836 3.93952 2.6107 2.04719 1.48369 1.28846 1.09323 0.80416 0.515085 0.317707 0.120328 0.0669805 0.0136323 0.00681618 -9999 -9999 -9999 -9999 -9999 -9999 -9999 -9999 -9999 -9999 -9999 -9999 -9999 -9999 -9999 -9999 -9999 -9999 -9999 -9999 -9999 -9999 -9999 -9999
1.97894 2.08951 2.20007 1.77709 1.35411 1.68447 2.01482 2.74294 3.47106 3.02688 2.5827 2.74325 2.9038 3.47598 4.04817 4.4069 4.76563 4.32707 3.88851 4.45816 5.02781 6.38329 7.73878 8.62249 9.5062 8.44586 7.38552 7.69039 7.99527 9.49193 10.9886 11.51 12.0313 11.6482 11.265 9.70952 8.15404 6.92103 5.68802 3.9879 2.2878 1.98474 1.68168 1.4431 1.20452 0.827326 0.450127 0.295165 0.140203 0.0797205 0.0192375 0.00961881 -9999 -9999 -9999 -9999 -9999 -9999 -9999 -9999 -9999 -9999 -9999 -9999 -9999 -9999 -9999 -9999 -9999 -9999 -9999 -9999 -9999 -9999 -9999 -9999
1.97015 2.15566 2.34118 1.88162 1.42206 1.71907 2.01609 2.58477 3.15346 2.82766 2.50187 2.64776 2.79366 3.48333 4.17299 4.54352 4.91404 4.53511 4.15618 4.58278 5.00939 5.98273 6.95607 7.79201 8.62795 7.56797 6.50799 6.78053 7.05306 8.74508 10.4371 10.9683 11.4994 11.3984 11.2974 9.68184 8.06625 6.9448 5.82335 4.10353 2.38375 2.00849 1.63325 1.45793 1.2826 0.9082 0.533789 0.334618 0.135446 0.0745287 0.013611 0.00680555 -9999 -9999 -9999 -9999 -9999 -9999 -9999 -9999 -9999 -9999 -9999 -9999 -9999 -9999 -9999 -9999 -9999 -9999 -9999 -9999 -9999 -9999 -9999 -9999
1.96135 2.22182 2.48228 1.98614 1.49 1.75368 2.01735 2.42661 2.83586 2.62845 2.42103 2.55228 2.68353 3.49067 4.29782 4.68014 5.06245 4.74315 4.42384 4.70741 4.99097 5.58217 6.17336 6.96153 7.7497 6.69008 5.63047 5.87066 6.11085 7.99823 9.8856 10.4266 10.9675 11.1487 11.3299 9.65415 7.97845 6.96856 5.95867 4.21917 2.4797 2.03225 1.58481 1.47275 1.36069 0.989073 0.617451 0.37407 0.130689 0.069337 0.00798456 0.00399229 -9999 -9999 -9999 -9999 -9999 -9999 -9999 -9999 -9999 -9999 -9999 -9999 -9999 -9999 -9999 -9999 -9999 -9999 -9999 -9999 -9999 -9999 -9999 -9999
1.80908 2.11824 2.42739 1.98788 1.54836 1.65204 1.75572 2.20317 2.65062 2.5979 2.54518 2.46941 2.39364 3.19966 4.00569 4.48842 4.97115 4.63214 4.29314 4.71775 5.14237 5.83421 6.52606 7.15359 7.78112 6.92567 6.07022 6.86604 7.66186 9.05306 10.4443 10.6595 10.8747 11.4789 12.083 10.3908 8.69862 7.40186 6.10509 4.31129 2.51752 2.10699 1.69646 1.53687 1.37729 0.992504 0.607716 0.374996 0.142276 0.0773415 0.0124065 0.00620327 -9999 -9999 -9999 -9999 -9999 -9999 -9999 -9999 -9999 -9999 -9999 -9999 -9999 -9999 -9999 -9999 -9999 -9999 -9999 -9999 -9999 -9999 -9999 -9999
1.65681 2.01466 2.37251 1.98961 1.60672 1.5504 1.49409 1.97974 2.46538 2.56735 2.66932 2.38654 2.10375 2.90866 3.71356 4.2967 4.87985 4.52114 4.16244 4.7281 5.29376 6.08626 6.87875 7.34565 7.81255 7.16126 6.50996 7.86142 9.21288 10.1079 11.0029 10.8924 10.7819 11.8091 12.8362 11.1275 9.41879 7.83515 6.25151 4.40341 2.55535 2.18172 1.8081 1.60099 1.39388 0.995934 0.597982 0.375923 0.153863 0.085346 0.0168284 0.00841425 -9999 -9999 -9999 -9999 -9999 -9999 -9999 -9999 -9999 -9999 -9999 -9999 -9999 -9999 -9999 -9999 -9999 -9999 -9999 -9999 -9999 -9999 -9999 -9999
1.41463 1.68425 1.95387 1.65219 1.35051 1.42879 1.50708 1.86288 2.21868 2.33611 2.45353 2.21036 1.96718 2.74567 3.52416 4.13053 4.7369 4.47052 4.20415 4.54436 4.88457 5.68742 6.49027 7.16579 7.84131 7.41671 6.99211 8.50063 10.0091 11.6723 13.3355 12.9254 12.5152 13.1229 13.7306 11.5083 9.28597 7.8567 6.42743 4.37904 2.33069 2.19671 2.06273 1.75596 1.44919 1.01037 0.57153 0.376997 0.182464 0.10381 0.0251544 0.0125773 -9999 -9999 -9999 -9999 -9999 -9999 -9999 -9999 -9999 -9999 -9999 -9999 -9999 -9999 -9999 -9999 -9999 -9999 -9999 -9999 -9999 -9999 -9999 -9999
1.17245 1.35384 1.53523 1.31477 1.0943 1.30718 1.52006 1.74603 1.97199 2.10487 2.23775 2.03418 1.83061 2.58268 3.33476 3.96435 4.59394 4.4199 4.24587 4.36062 4.47537 5.28858 6.10178 6.98592 7.87007 7.67216 7.47426 9.13983 10.8054 13.2368 15.6681 14.9583 14.2485 14.4367 14.6249 11.889 9.15316 7.87825 6.60335 4.35468 2.10603 2.21169 2.31735 1.91093 1.50451 1.0248 0.545077 0.378072 0.211066 0.122274 0.0334804 0.0167403 1.27718e-007 -9999 -9999 -9999 -9999 -9999 -9999 -9999 -9999 -9999 -9999 -9999 -9999 -9999 -9999 -9999 -9999 -9999 -9999 -9999 -9999 -9999 -9999 -9999
1.14483 1.37769 1.61055 1.37335 1.13615 1.24115 1.34615 1.73635 2.12656 2.15488 2.18319 1.91994 1.6567 2.36489 3.07309 3.5737 4.0743 3.85257 3.63083 3.99299 4.35516 4.9333 5.51145 6.53332 7.5552 7.07508 6.59496 8.40127 10.2076 12.7734 15.3393 15.4486 15.558 14.8567 14.1555 12.0413 9.92706 8.34176 6.75646 4.54442 2.33242 2.2706 2.20877 1.91585 1.62292 1.1176 0.612283 0.408035 0.203786 0.121417 0.0390474 0.0195238 1.48954e-007 -9999 -9999 -9999 -9999 -9999 -9999 -9999 -9999 -9999 -9999 -9999 -9999 -9999 -9999 -9999 -9999 -9999 -9999 -9999 -9999 -9999 -9999 -9999
1.1172 1.40153 1.68586 1.43193 1.178 1.17512 1.17223 1.72668 2.28114 2.20488 2.12863 1.80571 1.48279 2.14711 2.81142 3.18304 3.55467 3.28523 3.01579 3.62537 4.23495 4.57803 4.92111 6.08072 7.24034 6.478 5.71567 7.66271 9.60974 12.3101 15.0104 15.9389 16.8674 15.2768 13.6861 12.1936 10.701 8.80527 6.90957 4.73417 2.55881 2.3295 2.10019 1.92076 1.74133 1.21041 0.679488 0.437998 0.196507 0.120561 0.0446143 0.0223073 1.70191e-007 -9999 -9999 -9999 -9999 -9999 -9999 -9999 -9999 -9999 -9999 -9999 -9999 -9999 -9999 -9999 -9999 -9999 -9999 -9999 -9999 -9999 -9999 -9999
1.15462 1.39235 1.63007 1.38464 1.13921 1.15948 1.17974 1.60872 2.03771 2.09457 2.15144 1.80453 1.45762 1.98681 2.51601 2.86174 3.20747 3.10688 3.0063 3.34776 3.68922 4.15803 4.62684 5.44476 6.26267 5.93841 5.61415 7.01865 8.42315 11.3736 14.324 15.6677 17.0114 15.6464 14.2814 12.6973 11.1133 8.95875 6.80424 4.92099 3.03776 2.62429 2.21082 2.02222 1.83362 1.30954 0.785462 0.484601 0.183741 0.113555 0.0433687 0.0216844 1.65439e-007 -9999 -9999 -9999 -9999 -9999 -9999 -9999 -9999 -9999 -9999 -9999 -9999 -9999 -9999 -9999 -9999 -9999 -9999 -9999 -9999 -9999 -9999 -9999
1.19205 1.38316 1.57428 1.33735 1.10042 1.14383 1.18725 1.49076 1.79427 1.98427 2.17426 1.80335 1.43244 1.82652 2.22059 2.54043 2.86028 2.92854 2.9968 3.07015 3.14349 3.73804 4.33258 4.80879 5.285 5.39882 5.51264 6.3746 7.23656 10.437 13.6375 15.3964 17.1554 16.0161 14.8767 13.2011 11.5256 9.11223 6.6989 5.1078 3.51672 2.91907 2.32144 2.12368 1.92591 1.40868 0.891436 0.531205 0.170974 0.106549 0.0421231 0.0210616 1.60687e-007 -9999 -9999 -9999 -9999 -9999 -9999 -9999 -9999 -9999 -9999 -9999 -9999 -9999 -9999 -9999 -9999 -9999 -9999 -9999 -9999 -9999 -9999 -9999
1.08867 1.24607 1.40347 1.23319 1.06291 1.15118 1.23944 1.49111 1.74277 1.92923 2.11569 1.8402 1.5647 1.78963 2.01456 2.38735 2.76015 2.77081 2.78147 2.77641 2.77135 3.48769 4.20403 4.80234 5.40066 5.4319 5.46314 6.35396 7.24479 10.0522 12.8595 15.2641 17.6687 17.2711 16.8735 14.1388 11.4041 9.25289 7.10166 5.25566 3.40968 3.1642 2.91872 2.52198 2.12523 1.57632 1.0274 0.622763 0.218126 0.132556 0.0469842 0.0234922 1.79231e-007 -9999 -9999 -9999 -9999 -9999 -9999 -9999 -9999 -9999 -9999 -9999 -9999 -9999 -9999 -9999 -9999 -9999 -9999 -9999 -9999 -9999 -9999 -9999
0.985287 1.10897 1.23265 1.12903 1.02541 1.15852 1.29163 1.49145 1.69127 1.8742 2.05713 1.87704 1.69696 1.75274 1.80852 2.23427 2.66001 2.61308 2.56614 2.48267 2.3992 3.23735 4.07549 4.7959 5.51632 5.46498 5.41364 6.33333 7.25302 9.66731 12.0816 15.1318 18.1821 18.5262 18.8704 15.0765 11.2827 9.39354 7.50442 5.40352 3.30265 3.40933 3.516 2.92028 2.32455 1.74396 1.16336 0.714321 0.265278 0.158562 0.0518453 0.0259228 1.97775e-007 -9999 -9999 -9999 -9999 -9999 -9999 -9999 -9999 -9999 -9999 -9999 -9999 -9999 -9999 -9999 -9999 -9999 -9999 -9999 -9999 -9999 -9999 -9999
1.03054 1.15027 1.27 1.1562 1.0424 1.11552 1.18864 1.39031 1.59198 1.78578 1.97958 1.7668 1.55403 1.73296 1.91188 2.10701 2.30215 2.35807 2.41399 2.3406 2.26721 3.05279 3.83837 4.64532 5.45227 5.46466 5.47706 6.35391 7.23075 9.34162 11.4525 14.1606 16.8687 18.7083 20.548 16.5669 12.5859 10.5745 8.5631 6.25899 3.95491 3.8902 3.82548 3.11231 2.39913 1.76949 1.13984 0.71461 0.289384 0.181612 0.0738392 0.0369197 2.81675e-007 -9999 -9999 -9999 -9999 -9999 -9999 -9999 -9999 -9999 -9999 -9999 -9999 -9999 -9999 -9999 -9999 -9999 -9999 -9999 -9999 -9999 -9999 -9999
1.07579 1.19157 1.30736 1.18337 1.05939 1.07252 1.08565 1.28917 1.49268 1.69735 1.90202 1.65657 1.41111 1.71317 2.01523 1.97976 1.94428 2.10306 2.26184 2.19852 2.13521 2.86823 3.60126 4.49474 5.38823 5.46435 5.54047 6.37448 7.20849 9.01593 10.8234 13.1893 15.5553 18.8904 22.2256 18.0574 13.8891 11.7554 9.62177 7.11445 4.60718 4.37107 4.13496 3.30434 2.47371 1.79502 1.11631 0.714899 0.31349 0.204662 0.0958331 0.0479167 3.65576e-007 -9999 -9999 -9999 -9999 -9999 -9999 -9999 -9999 -9999 -9999 -9999 -9999 -9999 -9999 -9999 -9999 -9999 -9999 -9999 -9999 -9999 -9999 -9999
1.00892 1.16538 1.32185 1.0976 0.873352 0.954719 1.03609 1.2934 1.55072 1.64452 1.73833 1.62072 1.5031 1.65957 1.81604 1.87273 1.92942 1.91262 1.89582 2.05155 2.20729 2.94035 3.67342 4.39315 5.11288 5.21859 5.3243 6.29686 7.26942 8.94724 10.6251 12.3209 14.0168 17.5193 21.0219 18.3746 15.7273 13.1842 10.6411 7.85405 5.06704 4.58189 4.09674 3.3634 2.63005 1.96238 1.29469 0.829986 0.365281 0.237612 0.109941 0.0562537 0.00256633 0.00128296 -9999 -9999 -9999 -9999 -9999 -9999 -9999 -9999 -9999 -9999 -9999 -9999 -9999 -9999 -9999 -9999 -9999 -9999 -9999 -9999 -9999 -9999
0.942039 1.13919 1.33635 1.01183 0.687311 0.836914 0.986518 1.29764 1.60877 1.5917 1.57463 1.58486 1.5951 1.60597 1.61684 1.76571 1.91457 1.72219 1.5298 1.90459 2.27937 3.01247 3.74557 4.29155 4.83753 4.97282 5.10812 6.21924 7.33036 8.87856 10.4268 11.4525 12.4782 16.1482 19.8182 18.6919 17.5655 14.613 11.6604 8.59365 5.52691 4.79272 4.05853 3.42246 2.78639 2.12973 1.47307 0.945074 0.417073 0.270562 0.124049 0.0645907 0.0051323 0.00256592 -9999 -9999 -9999 -9999 -9999 -9999 -9999 -9999 -9999 -9999 -9999 -9999 -9999 -9999 -9999 -9999 -9999 -9999 -9999 -9999 -9999 -9999
0.985316 1.11779 1.25026 0.996178 0.7421 0.775253 0.808406 1.18893 1.56945 1.63352 1.69759 1.51424 1.3309 1.48187 1.63285 1.78313 1.93341 1.7779 1.62239 1.91217 2.20194 2.87135 3.54076 3.98273 4.42469 4.59578 4.76687 5.93715 7.10743 8.65881 10.2102 11.0433 11.8765 15.033 18.1896 19.6907 21.1918 16.8928 12.5938 9.26701 5.9403 5.36633 4.79237 4.10556 3.41875 2.48767 1.55658 1.02867 0.500752 0.30793 0.115105 0.064586 0.0140669 0.00703324 -9999 -9999 -9999 -9999 -9999 -9999 -9999 -9999 -9999 -9999 -9999 -9999 -9999 -9999 -9999 -9999 -9999 -9999 -9999 -9999 -9999 -9999
1.02859 1.09638 1.16416 0.980526 0.79689 0.713592 0.630294 1.08022 1.53014 1.67534 1.82055 1.44362 1.06669 1.35778 1.64886 1.80055 1.95224 1.83362 1.71499 1.91975 2.12452 2.73023 3.33595 3.6739 4.01186 4.21874 4.42562 5.65506 6.88449 8.43907 9.99364 10.6342 11.2747 13.9178 16.5609 20.6895 24.8181 19.1726 13.5271 9.94036 6.35369 5.93994 5.5262 4.78866 4.05111 2.84561 1.6401 1.11226 0.584431 0.345297 0.106161 0.0645814 0.0230014 0.0115006 -9999 -9999 -9999 -9999 -9999 -9999 -9999 -9999 -9999 -9999 -9999 -9999 -9999 -9999 -9999 -9999 -9999 -9999 -9999 -9999 -9999 -9999
