avalanche_sim_xlib_slim/avalance_sim/avalance_sim/output_path.dem
ncols			454
nrows			454
xllcorner		457590
yllcorner		5.6779e+006
cellsize		5
NODATA_value	-9999
[rows 165 to 197 of 454, columns 76 to 151 of 454]
-9999 -9999 -9999 -9999 -9999 -9999 -9999 -9999 -9999 -9999 -9999 -9999 -9999 0.028755 0.0575101 0.124159 0.190809 0.299867 0.408924 0.737911 1.0669 1.37045 1.67401 2.08267 2.49133 2.41738 2.34343 3.56054 4.77765 6.71631 8.65497 8.59787 8.54077 7.91425 7.28774 8.51575 9.74375 12.6928 15.6419 17.3696 19.0972 27.8383 36.5792 38.8905 41.2019 31.9925 22.783 18.9272 15.0715 10.51 5.94838 4.02308 2.09778 1.33667 0.575582 0.294747 0.0139121 0.00695605 -9999 -9999 -9999 -9999 -9999 -9999 -9999 -9999 -9999 -9999 -9999 -9999 -9999 -9999 -9999 -9999 -9999 -9999
-9999 -9999 -9999 -9999 -9999 -9999 -9999 -9999 -9999 -9999 -9999 -9999 -9999 0.0143775 0.028755 0.0826158 0.136477 0.259473 0.38247 0.668348 0.954226 1.34778 1.74134 2.05628 2.37123 2.43618 2.50114 3.51781 4.53448 6.25024 7.96601 8.74981 9.53362 8.48365 7.43368 8.41669 9.39969 11.328 13.2563 16.0662 18.8761 26.5454 34.2146 37.135 40.0555 31.4867 22.9177 18.7104 14.503 10.3059 6.1088 4.08495 2.06109 1.33228 0.603481 0.32492 0.0463592 0.0231796 -9999 -9999 -9999 -9999 -9999 -9999 -9999 -9999 -9999 -9999 -9999 -9999 -9999 -9999 -9999 -9999 -9999 -9999
-9999 -9999 -9999 -9999 -9999 -9999 -9999 -9999 -9999 -9999 -9999 -9999 -9999 -9999 -9999 0.0410722 0.0821444 0.21908 0.356016 0.598785 0.841554 1.32511 1.80867 2.02989 2.25112 2.45499 2.65885 3.47508 4.29131 5.78417 7.27704 8.90176 10.5265 9.05305 7.57962 8.31763 9.05563 9.96311 10.8706 14.7628 18.655 25.2526 31.85 35.3795 38.909 30.9808 23.0525 18.4935 13.9345 10.1019 6.26923 4.14681 2.0244 1.32788 0.63138 0.355093 0.0788064 0.0394032 -9999 -9999 -9999 -9999 -9999 -9999 -9999 -9999 -9999 -9999 -9999 -9999 -9999 -9999 -9999 -9999 -9999 -9999
-9999 -9999 -9999 -9999 -9999 -9999 -9999 -9999 -9999 -9999 -9999 -9999 -9999 -9999 -9999 0.0272592 0.0545183 0.152967 0.251416 0.463015 0.674615 1.06662 1.45862 1.68335 1.90808 2.24385 2.57963 3.32824 4.07685 5.64115 7.20544 9.11007 11.0147 9.35433 7.69396 8.63087 9.56778 11.5624 13.557 15.9875 18.4179 24.753 31.0881 33.6948 36.3015 29.1133 21.925 17.928 13.9309 9.86161 5.79223 3.82898 1.86573 1.24176 0.617807 0.343039 0.0682716 0.0341358 -9999 -9999 -9999 -9999 -9999 -9999 -9999 -9999 -9999 -9999 -9999 -9999 -9999 -9999 -9999 -9999 -9999 -9999
-9999 -9999 -9999 -9999 -9999 -9999 -9999 -9999 -9999 -9999 -9999 -9999 -9999 -9999 -9999 0.0134461 0.0268923 0.0868538 0.146815 0.327246 0.507676 0.808121 1.10857 1.3368 1.56503 2.03271 2.5004 3.1814 3.8624 5.49812 7.13384 9.31838 11.5029 9.65561 7.8083 8.94412 10.0799 13.1616 16.2434 17.2121 18.1808 24.2535 30.3261 32.01 33.6939 27.2458 20.7976 17.3625 13.9273 9.62131 5.31523 3.51115 1.70706 1.15564 0.604233 0.330985 0.0577369 0.0288684 -9999 -9999 -9999 -9999 -9999 -9999 -9999 -9999 -9999 -9999 -9999 -9999 -9999 -9999 -9999 -9999 -9999 -9999
-9999 -9999 -9999 -9999 -9999 -9999 -9999 -9999 -9999 -9999 -9999 -9999 -9999 -9999 -9999 0.00672307 0.0134461 0.0638447 0.114243 0.308525 0.502806 0.66478 0.826753 1.20701 1.58726 2.03988 2.4925 3.22511 3.95772 5.37211 6.7865 9.1627 11.5389 10.3695 9.20006 9.92114 10.6422 13.1416 15.641 16.5536 17.4662 25.1192 32.772 33.2864 33.8009 27.4812 21.1614 18.0917 15.022 10.2754 5.52881 3.64251 1.75622 1.17616 0.596106 0.323337 0.0505684 0.0252842 -9999 -9999 -9999 -9999 -9999 -9999 -9999 -9999 -9999 -9999 -9999 -9999 -9999 -9999 -9999 -9999 -9999 -9999
-9999 -9999 -9999 -9999 -9999 -9999 -9999 -9999 -9999 -9999 -9999 -9999 -9999 -9999 -9999 -9999 -9999 0.0408355 0.081671 0.289804 0.497936 0.521439 0.544941 1.07722 1.6095 2.04705 2.48461 3.26882 4.05303 5.2461 6.43917 9.00702 11.5749 11.0833 10.5918 10.8982 11.2045 13.1216 15.0387 15.8951 16.7516 25.9848 35.2179 34.5629 33.9078 27.7166 21.5253 18.8209 16.1166 10.9295 5.74239 3.77388 1.80538 1.19667 0.587979 0.31569 0.0433999 0.0216999 -9999 -9999 -9999 -9999 -9999 -9999 -9999 -9999 -9999 -9999 -9999 -9999 -9999 -9999 -9999 -9999 -9999 -9999
-9999 -9999 -9999 -9999 -9999 -9999 -9999 -9999 -9999 -9999 -9999 -9999 -9999 -9999 -9999 -9999 -9999 0.0374238 0.0748476 0.227888 0.380928 0.459992 0.539057 1.08132 1.62358 2.0084 2.39322 3.18659 3.97996 4.87593 5.7719 7.70502 9.63813 9.69125 9.74437 10.163 10.5817 12.7911 15.0006 16.2851 17.5696 27.7192 37.8686 36.4356 35.0027 28.1322 21.2615 18.2171 15.1727 10.3564 5.54013 3.65021 1.76029 1.22669 0.693113 0.382813 0.0725123 0.0362561 -9999 -9999 -9999 -9999 -9999 -9999 -9999 -9999 -9999 -9999 -9999 -9999 -9999 -9999 -9999 -9999 -9999 -9999
-9999 -9999 -9999 -9999 -9999 -9999 -9999 -9999 -9999 -9999 -9999 -9999 -9999 -9999 -9999 -9999 -9999 0.0340121 0.0680242 0.165972 0.26392 0.398546 0.533172 1.08542 1.63767 1.96975 2.30184 3.10437 3.9069 4.50576 5.10463 6.403 7.70138 8.29915 8.89692 9.42789 9.95885 12.4607 14.9625 16.6751 18.3876 29.4535 40.5192 38.3084 36.0975 28.5477 20.9978 17.6133 14.2287 9.78334 5.33788 3.52654 1.7152 1.25672 0.798246 0.449935 0.101625 0.0508124 -9999 -9999 -9999 -9999 -9999 -9999 -9999 -9999 -9999 -9999 -9999 -9999 -9999 -9999 -9999 -9999 -9999 -9999
-9999 -9999 -9999 -9999 -9999 -9999 -9999 -9999 -9999 -9999 -9999 -9999 -9999 -9999 -9999 -9999 -9999 0.0288151 0.0576302 0.134489 0.211348 0.358558 0.505768 1.03244 1.55911 1.88735 2.2156 2.83974 3.46388 4.1979 4.93193 6.07593 7.21993 7.88403 8.54812 9.16113 9.77415 11.4629 13.1516 15.4802 17.8088 27.6415 37.4742 35.8919 34.3096 27.4502 20.5908 17.2423 13.8939 9.377 4.86006 3.35487 1.84969 1.33795 0.826232 0.461474 0.0967162 0.0483581 -9999 -9999 -9999 -9999 -9999 -9999 -9999 -9999 -9999 -9999 -9999 -9999 -9999 -9999 -9999 -9999 -9999 -9999
-9999 -9999 -9999 -9999 -9999 -9999 -9999 -9999 -9999 -9999 -9999 -9999 -9999 -9999 -9999 -9999 -9999 0.0236181 0.0472361 0.103007 0.158777 0.31857 0.478363 0.97946 1.48056 1.80496 2.12935 2.57511 3.02086 3.89004 4.75923 5.74886 6.73849 7.46891 8.19933 8.89438 9.58944 10.4651 11.3407 14.2854 17.23 25.8296 34.4291 33.4754 32.5217 26.3528 20.1838 16.8714 13.559 8.97067 4.38224 3.18321 1.98417 1.41919 0.854218 0.473013 0.0918078 0.0459039 -9999 -9999 -9999 -9999 -9999 -9999 -9999 -9999 -9999 -9999 -9999 -9999 -9999 -9999 -9999 -9999 -9999 -9999
-9999 -9999 -9999 -9999 -9999 -9999 -9999 -9999 -9999 -9999 -9999 -9999 -9999 -9999 -9999 -9999 -9999 0.013246 0.026492 0.104556 0.18262 0.281597 0.380574 0.838239 1.29591 1.71858 2.14125 2.51099 2.88074 3.78767 4.6946 5.70667 6.71874 7.56063 8.40252 9.07308 9.74364 10.7347 11.7258 14.4543 17.1828 26.9082 36.6335 34.4028 32.172 26.262 20.352 16.9388 13.5256 8.97883 4.43205 3.1629 1.89376 1.39483 0.895914 0.503283 0.110653 0.0553263 -9999 -9999 -9999 -9999 -9999 -9999 -9999 -9999 -9999 -9999 -9999 -9999 -9999 -9999 -9999 -9999 -9999 -9999
-9999 -9999 -9999 -9999 -9999 -9999 -9999 -9999 -9999 -9999 -9999 -9999 -9999 -9999 -9999 -9999 -9999 0.00287393 0.00574785 0.106106 0.206464 0.244624 0.282784 0.697019 1.11125 1.6322 2.15314 2.44688 2.74062 3.6853 4.62998 5.66449 6.699 7.65236 8.60572 9.25178 9.89784 11.0044 12.1109 14.6232 17.1356 27.9869 38.838 35.3301 31.8222 26.1713 20.5202 17.0062 13.4921 8.98699 4.48186 3.1426 1.80335 1.37047 0.93761 0.533554 0.129498 0.0647488 -9999 -9999 -9999 -9999 -9999 -9999 -9999 -9999 -9999 -9999 -9999 -9999 -9999 -9999 -9999 -9999 -9999 -9999
-9999 -9999 -9999 -9999 -9999 -9999 -9999 -9999 -9999 -9999 -9999 -9999 -9999 -9999 -9999 -9999 -9999 0.00143696 0.00287393 0.0991293 0.195385 0.245777 0.29617 0.700392 1.10461 1.61512 2.12562 2.30904 2.49247 3.4123 4.33214 5.45992 6.58771 7.33185 8.07599 9.40917 10.7424 11.3945 12.0466 13.9677 15.8887 26.8219 37.7549 35.8755 33.996 26.776 19.556 16.185 12.8139 8.74542 4.67686 3.33126 1.98567 1.51047 1.03528 0.584663 0.134046 0.0670231 -9999 -9999 -9999 -9999 -9999 -9999 -9999 -9999 -9999 -9999 -9999 -9999 -9999 -9999 -9999 -9999 -9999 -9999
-9999 -9999 -9999 -9999 -9999 -9999 -9999 -9999 -9999 -9999 -9999 -9999 -9999 -9999 -9999 -9999 -9999 -9999 -9999 0.0921528 0.184306 0.246931 0.309555 0.703765 1.09797 1.59804 2.0981 2.17121 2.24431 3.13931 4.0343 5.25536 6.47641 7.01134 7.54627 9.56657 11.5869 11.7846 11.9823 13.3121 14.6418 25.6569 36.6718 36.4208 36.1698 27.3808 18.5917 15.3638 12.1358 8.50385 4.87186 3.51993 2.16799 1.65046 1.13295 0.635772 0.138595 0.0692975 -9999 -9999 -9999 -9999 -9999 -9999 -9999 -9999 -9999 -9999 -9999 -9999 -9999 -9999 -9999 -9999 -9999 -9999
-9999 -9999 -9999 -9999 -9999 -9999 -9999 -9999 -9999 -9999 -9999 -9999 -9999 -9999 -9999 -9999 -9999 -9999 -9999 0.0744379 0.148876 0.223177 0.297479 0.711659 1.12584 1.59671 2.06758 2.24901 2.43044 3.08753 3.74462 5.20648 6.66835 6.9019 7.13545 8.94275 10.7501 11.408 12.066 13.669 15.272 24.5839 33.8956 35.082 36.2683 27.9861 19.7037 16.0587 12.4136 8.64476 4.87586 3.49686 2.11786 1.59823 1.07861 0.595016 0.111426 0.0557129 -9999 -9999 -9999 -9999 -9999 -9999 -9999 -9999 -9999 -9999 -9999 -9999 -9999 -9999 -9999 -9999 -9999 -9999
-9999 -9999 -9999 -9999 -9999 -9999 -9999 -9999 -9999 -9999 -9999 -9999 -9999 -9999 -9999 -9999 -9999 -9999 -9999 0.056723 0.113446 0.199424 0.285402 0.719553 1.1537 1.59538 2.03707 2.32682 2.61658 3.03575 3.45493 5.15761 6.8603 6.79246 6.72462 8.31894 9.91325 11.0315 12.1497 14.0259 15.9022 23.5109 31.1195 33.7432 36.3669 28.5913 20.8156 16.7536 12.6915 8.78567 4.87985 3.47379 2.06772 1.54599 1.02426 0.55426 0.0842564 0.0421282 -9999 -9999 -9999 -9999 -9999 -9999 -9999 -9999 -9999 -9999 -9999 -9999 -9999 -9999 -9999 -9999 -9999 -9999
-9999 -9999 -9999 -9999 -9999 -9999 -9999 -9999 -9999 -9999 -9999 -9999 -9999 -9999 -9999 -9999 -9999 -9999 -9999 0.0476069 0.0952139 0.196776 0.298339 0.742082 1.18582 1.59833 2.01084 2.15814 2.30544 2.9571 3.60876 5.10725 6.60574 6.7533 6.90087 8.32928 9.75768 11.2554 12.753 14.3565 15.9599 22.6083 29.2566 32.1296 35.0027 28.1499 21.297 17.4334 13.5698 9.25215 4.9345 3.53234 2.13019 1.58914 1.04809 0.56034 0.0725853 0.0362926 -9999 -9999 -9999 -9999 -9999 -9999 -9999 -9999 -9999 -9999 -9999 -9999 -9999 -9999 -9999 -9999 -9999 -9999
-9999 -9999 -9999 -9999 -9999 -9999 -9999 -9999 -9999 -9999 -9999 -9999 -9999 -9999 -9999 -9999 -9999 -9999 -9999 0.0384909 0.0769818 0.194129 0.311276 0.764611 1.21795 1.60128 1.98461 1.98945 1.9943 2.87844 3.76258 5.05688 6.35117 6.71414 7.07712 8.33961 9.60211 11.4793 13.3564 14.6871 16.0177 21.7057 27.3937 30.516 33.6384 27.7085 21.7785 18.1133 14.4481 9.71863 4.98914 3.5909 2.19266 1.63229 1.07193 0.56642 0.0609141 0.0304571 -9999 -9999 -9999 -9999 -9999 -9999 -9999 -9999 -9999 -9999 -9999 -9999 -9999 -9999 -9999 -9999 -9999 -9999
-9999 -9999 -9999 -9999 -9999 -9999 -9999 -9999 -9999 -9999 -9999 -9999 -9999 -9999 -9999 -9999 -9999 -9999 -9999 0.0332086 0.0664172 0.19447 0.322523 0.690112 1.0577 1.41242 1.76714 2.01949 2.27184 3.1174 3.96295 4.85425 5.74554 6.453 7.16046 7.99303 8.82561 10.8355 12.8455 14.3123 15.7791 21.9195 28.0599 30.1731 32.2863 27.3815 22.4765 18.6965 14.9165 9.88392 4.85132 3.56676 2.28219 1.64663 1.01107 0.549812 0.0885533 0.0442767 -9999 -9999 -9999 -9999 -9999 -9999 -9999 -9999 -9999 -9999 -9999 -9999 -9999 -9999 -9999 -9999 -9999 -9999
-9999 -9999 -9999 -9999 -9999 -9999 -9999 -9999 -9999 -9999 -9999 -9999 -9999 -9999 -9999 -9999 -9999 -9999 -9999 0.0279263 0.0558525 0.194811 0.33377 0.615613 0.897456 1.22356 1.54967 2.04953 2.54938 3.35635 4.16332 4.65161 5.1399 6.19185 7.2438 7.64645 8.04911 10.1918 12.3345 13.9375 15.5405 22.1333 28.7261 29.8301 30.9343 27.0545 23.1746 19.2797 15.3849 10.0492 4.7135 3.54261 2.37172 1.66096 0.950216 0.533204 0.116193 0.0580963 -9999 -9999 -9999 -9999 -9999 -9999 -9999 -9999 -9999 -9999 -9999 -9999 -9999 -9999 -9999 -9999 -9999 -9999
-9999 -9999 -9999 -9999 -9999 -9999 -9999 -9999 -9999 -9999 -9999 -9999 -9999 -9999 -9999 -9999 -9999 -9999 -9999 0.033083 0.066166 0.188107 0.310048 0.611923 0.913798 1.23328 1.55277 2.15057 2.74836 3.55404 4.35971 4.80671 5.25371 6.55505 7.85639 8.35634 8.85628 10.7857 12.7151 14.2756 15.836 22.4974 29.1587 29.7631 30.3675 26.1823 21.997 18.6064 15.2159 10.0188 4.82173 3.61679 2.41185 1.63875 0.865662 0.478978 0.0922939 0.0461469 -9999 -9999 -9999 -9999 -9999 -9999 -9999 -9999 -9999 -9999 -9999 -9999 -9999 -9999 -9999 -9999 -9999 -9999
-9999 -9999 -9999 -9999 -9999 -9999 -9999 -9999 -9999 -9999 -9999 -9999 -9999 -9999 -9999 -9999 -9999 -9999 -9999 0.0382398 0.0764796 0.181402 0.286325 0.608233 0.93014 1.243 1.55587 2.2516 2.94734 3.75172 4.55611 4.96181 5.36752 6.91825 8.46898 9.06622 9.66345 11.3796 13.0957 14.6136 16.1315 22.8615 29.5914 29.696 29.8007 25.3101 20.8194 17.9332 15.0468 9.98842 4.92996 3.69097 2.45198 1.61654 0.781109 0.424752 0.0683952 0.0341976 -9999 -9999 -9999 -9999 -9999 -9999 -9999 -9999 -9999 -9999 -9999 -9999 -9999 -9999 -9999 -9999 -9999 -9999
-9999 -9999 -9999 -9999 -9999 -9999 -9999 -9999 -9999 -9999 -9999 -9999 -9999 -9999 -9999 -9999 -9999 -9999 -9999 0.0324152 0.0648305 0.173134 0.281437 0.588556 0.895675 1.27332 1.65096 2.29973 2.9485 3.69367 4.43885 4.95122 5.4636 6.64518 7.82676 9.28658 10.7464 11.8976 13.0489 14.7688 16.4887 22.6261 28.7635 28.5623 28.3611 24.3005 20.2398 17.3977 14.5556 9.7917 5.02775 3.78287 2.53799 1.68197 0.825956 0.43968 0.0534036 0.0267018 -9999 -9999 -9999 -9999 -9999 -9999 -9999 -9999 -9999 -9999 -9999 -9999 -9999 -9999 -9999 -9999 -9999 -9999
-9999 -9999 -9999 -9999 -9999 -9999 -9999 -9999 -9999 -9999 -9999 -9999 -9999 -9999 -9999 -9999 -9999 -9999 -9999 0.0265907 0.0531814 0.164865 0.276548 0.568878 0.861209 1.30363 1.74605 2.34786 2.94967 3.63563 4.32159 4.94063 5.55967 6.37211 7.18455 9.50693 11.8293 12.4157 13.002 14.924 16.8459 22.3907 27.9355 27.4285 26.9215 23.2909 19.6602 16.8623 14.0644 9.59498 5.12554 3.87477 2.624 1.7474 0.870802 0.454607 0.0384119 0.019206 -9999 -9999 -9999 -9999 -9999 -9999 -9999 -9999 -9999 -9999 -9999 -9999 -9999 -9999 -9999 -9999 -9999 -9999
-9999 -9999 -9999 -9999 -9999 -9999 -9999 -9999 -9999 -9999 -9999 -9999 -9999 -9999 -9999 -9999 -9999 -9999 -9999 0.0186563 0.0373126 0.158513 0.279714 0.53664 0.793566 1.14988 1.5062 2.10518 2.70416 3.4787 4.25324 4.77722 5.30119 6.41958 7.53797 9.85843 12.1789 12.6503 13.1218 14.8762 16.6306 22.6569 28.6832 27.5196 26.3559 22.7087 19.0615 15.9084 12.7553 8.58505 4.41477 3.25553 2.09629 1.47681 0.857333 0.449773 0.042213 0.0211065 -9999 -9999 -9999 -9999 -9999 -9999 -9999 -9999 -9999 -9999 -9999 -9999 -9999 -9999 -9999 -9999 -9999 -9999
-9999 -9999 -9999 -9999 -9999 -9999 -9999 -9999 -9999 -9999 -9999 -9999 -9999 -9999 -9999 -9999 -9999 -9999 -9999 0.0107218 0.0214437 0.152162 0.28288 0.504402 0.725924 0.99614 1.26636 1.86251 2.45866 3.32178 4.1849 4.6138 5.04271 6.46705 7.89139 10.2099 12.5285 12.885 13.2416 14.8285 16.4153 22.9231 29.4308 27.6106 25.7904 22.1266 18.4628 14.9545 11.4462 7.57513 3.704 2.63629 1.56858 1.20622 0.843863 0.444938 0.046014 0.023007 -9999 -9999 -9999 -9999 -9999 -9999 -9999 -9999 -9999 -9999 -9999 -9999 -9999 -9999 -9999 -9999 -9999 -9999
-9999 -9999 -9999 -9999 -9999 -9999 -9999 -9999 -9999 -9999 -9999 -9999 -9999 -9999 -9999 -9999 -9999 -9999 -9999 0.00973614 0.0194723 0.140771 0.26207 0.494562 0.727054 1.06307 1.39909 2.03219 2.66529 3.55846 4.45164 4.95157 5.45151 6.79552 8.13953 10.0431 11.9467 13.3186 14.6906 16.4258 18.1609 23.4808 28.8006 26.9135 25.0263 22.2085 19.3906 15.4068 11.423 7.28958 3.1561 2.34167 1.52723 1.11355 0.699864 0.378524 0.0571849 0.0285925 -9999 -9999 -9999 -9999 -9999 -9999 -9999 -9999 -9999 -9999 -9999 -9999 -9999 -9999 -9999 -9999 -9999 -9999
-9999 -9999 -9999 -9999 -9999 -9999 -9999 -9999 -9999 -9999 -9999 -9999 -9999 -9999 -9999 -9999 -9999 -9999 -9999 0.00875043 0.0175009 0.12938 0.24126 0.484722 0.728184 1.13 1.53182 2.20187 2.87193 3.79515 4.71838 5.28934 5.86031 7.12399 8.38766 9.87625 11.3648 13.7522 16.1396 18.0231 19.9065 24.0385 28.1704 26.2163 24.2623 22.2904 20.3184 15.8591 11.3998 7.00403 2.6082 2.04704 1.48588 1.02087 0.555864 0.31211 0.0683559 0.0341779 -9999 -9999 -9999 -9999 -9999 -9999 -9999 -9999 -9999 -9999 -9999 -9999 -9999 -9999 -9999 -9999 -9999 -9999
-9999 -9999 -9999 -9999 -9999 -9999 -9999 -9999 -9999 -9999 -9999 -9999 -9999 -9999 -9999 -9999 -9999 -9999 -9999 0.0153742 0.0307484 0.121132 0.211516 0.462454 0.713392 1.1703 1.62721 2.18705 2.7469 3.51814 4.28937 5.01884 5.7483 7.17379 8.59929 10.0884 11.5776 13.8278 16.078 18.4229 20.7678 25.3262 29.8844 27.4695 25.0545 22.4704 19.8863 15.6213 11.3562 6.98392 2.61162 1.96326 1.31489 0.911123 0.507356 0.273707 0.0400587 0.0200294 -9999 -9999 -9999 -9999 -9999 -9999 -9999 -9999 -9999 -9999 -9999 -9999 -9999 -9999 -9999 -9999 -9999 -9999
-9999 -9999 -9999 -9999 -9999 -9999 -9999 -9999 -9999 -9999 -9999 -9999 -9999 -9999 -9999 -9999 -9999 -9999 -9999 0.021998 0.0439959 0.112884 0.181772 0.440187 0.698601 1.2106 1.72259 2.17223 2.62188 3.24112 3.86037 4.74833 5.63629 7.2236 8.81091 10.3006 11.7903 13.9033 16.0164 18.8228 21.6291 26.6138 31.5985 28.7226 25.8467 22.6505 19.4543 15.3834 11.3125 6.96381 2.61504 1.87947 1.14391 0.801374 0.458847 0.235304 0.0117616 0.0058808 -9999 -9999 -9999 -9999 -9999 -9999 -9999 -9999 -9999 -9999 -9999 -9999 -9999 -9999 -9999 -9999 -9999 -9999
-9999 -9999 -9999 -9999 -9999 -9999 -9999 -9999 -9999 -9999 -9999 -9999 -9999 -9999 -9999 -9999 -9999 -9999 -9999 0.0198452 0.0396904 0.114314 0.188938 0.43344 0.677942 1.11411 1.55027 2.14315 2.73603 3.27381 3.81159 4.73706 5.66254 7.44183 9.22113 10.7093 12.1974 13.9636 15.7297 19.0845 22.4393 27.5617 32.684 29.6471 26.6102 23.5199 20.4296 15.9474 11.4652 6.82232 2.17942 1.60725 1.03508 0.704412 0.373753 0.207507 0.0412601 0.02063 -9999 -9999 -9999 -9999 -9999 -9999 -9999 -9999 -9999 -9999 -9999 -9999 -9999 -9999 -9999 -9999 -9999 -9999
-9999 -9999 -9999 -9999 -9999 -9999 -9999 -9999 -9999 -9999 -9999 -9999 -9999 -9999 -9999 -9999 -9999 -9999 -9999 0.0176924 0.0353848 0.115744 0.196104 0.426693 0.657282 1.01762 1.37795 2.11407 2.85019 3.3065 3.7628 4.7258 5.68879 7.66007 9.63135 11.118 12.6046 14.0238 15.443 19.3463 23.2494 28.5096 33.7696 30.5716 27.3737 24.3893 21.4049 16.5114 11.6178 6.68081 1.74379 1.33502 0.926241 0.607448 0.288659 0.179708 0.070758 0.035379 -9999 -9999 -9999 -9999 -9999 -9999 -9999 -9999 -9999 -9999 -9999 -9999 -9999 -9999 -9999 -9999 -9999 -9999
